20221118,09:15:09,603.95,1,321800
20221118,09:15:09,603.95,100,321800
20221118,09:15:14,610.00,50,321800
20221118,09:15:18,610.20,50,321800
20221118,09:15:39,612.00,50,321800
20221118,09:15:42,620.00,50,321800
20221118,09:15:50,621.70,200,321800
20221118,09:15:57,624.80,450,321800
20221118,09:16:08,625.30,50,321800
20221118,09:16:12,625.30,500,321800
20221118,09:16:19,625.80,200,321800
20221118,09:16:23,616.60,100,321800
20221118,09:16:34,616.55,100,321800
20221118,09:16:45,618.00,300,321800
20221118,09:16:49,621.95,50,321800
20221118,09:17:13,620.00,50,321800
20221118,09:17:24,620.00,100,321900
20221118,09:17:55,627.05,100,321900
20221118,09:18:05,627.05,1750,321900
20221118,09:18:09,624.85,200,321900
20221118,09:18:23,619.05,50,321900
20221118,09:18:26,620.00,400,321900
20221118,09:18:31,620.00,850,321900
20221118,09:18:36,621.05,50,321900
20221118,09:18:44,625.10,50,321900
20221118,09:18:46,625.05,50,321900
20221118,09:19:00,623.00,100,321900
20221118,09:19:17,626.70,50,321900
20221118,09:19:20,625.20,50,321900
20221118,09:19:23,626.30,50,321900
20221118,09:19:29,629.20,50,321900
20221118,09:19:43,631.00,50,321900
20221118,09:19:44,631.00,400,321900
20221118,09:20:06,627.05,50,321900
20221118,09:20:19,632.00,50,321900
20221118,09:20:38,632.00,100,319700
20221118,09:21:07,630.00,150,319700
20221118,09:21:12,630.00,50,319700
20221118,09:21:23,632.00,50,319700
20221118,09:21:43,634.00,100,319700
20221118,09:21:53,635.10,100,319700
20221118,09:21:54,635.10,450,319700
20221118,09:21:56,635.10,50,319700
20221118,09:22:10,634.05,150,319700
20221118,09:22:19,634.10,50,319700
20221118,09:22:22,633.50,50,319700
20221118,09:22:26,635.30,150,319700
20221118,09:22:57,636.95,600,319700
20221118,09:23:07,636.95,50,319700
20221118,09:23:20,637.00,50,319700
20221118,09:23:42,637.00,50,318900
20221118,09:23:51,634.60,50,318900
20221118,09:23:56,632.00,100,318900
20221118,09:24:00,632.85,50,318900
20221118,09:24:09,631.30,50,318900
20221118,09:24:14,630.05,100,318900
20221118,09:24:18,630.20,100,318900
20221118,09:24:32,630.00,100,318900
20221118,09:25:03,631.80,150,318900
20221118,09:25:12,633.55,50,318900
20221118,09:25:25,634.00,50,318900
20221118,09:25:30,637.90,100,318900
20221118,09:25:48,637.90,100,318900
20221118,09:25:53,637.15,100,318900
20221118,09:26:15,635.00,100,318900
20221118,09:26:49,637.00,50,319100
20221118,09:26:54,636.95,50,319100
20221118,09:27:53,640.55,50,319100
20221118,09:28:09,641.95,150,319100
20221118,09:28:27,641.95,100,319100
20221118,09:28:40,641.15,200,319100
20221118,09:29:19,643.45,200,319100
20221118,09:30:05,643.45,50,319100
20221118,09:30:15,641.60,100,319100
20221118,09:30:56,640.30,50,319100
20221118,09:31:14,638.65,100,319100
20221118,09:31:23,640.00,50,319100
20221118,09:31:28,638.45,100,319100
20221118,09:31:46,638.00,50,319100
20221118,09:31:50,638.45,50,319100
20221118,09:32:21,638.45,50,319100
20221118,09:32:31,641.35,250,319000
20221118,09:32:36,645.45,300,319000
20221118,09:32:41,649.00,350,319000
20221118,09:33:00,649.00,250,319000
20221118,09:33:13,645.25,50,319000
20221118,09:33:27,644.50,50,319000
20221118,09:33:36,645.00,50,319000
20221118,09:33:45,646.30,300,319000
20221118,09:34:03,643.00,50,319000
20221118,09:34:08,643.00,200,319000
20221118,09:34:17,642.30,50,319000
20221118,09:34:35,642.00,200,319000
20221118,09:35:11,643.00,250,319000
20221118,09:36:11,647.75,50,318200
20221118,09:36:41,646.15,50,318200
20221118,09:36:51,645.60,50,318200
20221118,09:37:07,649.50,200,318200
20221118,09:37:08,649.50,50,318200
20221118,09:37:10,651.00,500,318200
20221118,09:37:11,656.60,400,318200
20221118,09:37:34,656.60,100,318200
20221118,09:38:01,650.00,250,318200
20221118,09:38:06,651.25,150,318200
20221118,09:38:14,650.00,50,318200
20221118,09:38:19,649.20,50,318200
20221118,09:38:51,648.50,50,317950
20221118,09:38:58,646.85,450,317950
20221118,09:39:39,651.75,100,317950
20221118,09:39:43,650.10,100,317950
20221118,09:39:49,646.85,50,317950
20221118,09:41:05,648.90,50,317950
20221118,09:41:07,650.05,250,317950
20221118,09:41:33,646.05,50,318650
20221118,09:41:42,645.00,150,318650
20221118,09:41:43,645.00,50,318650
20221118,09:41:45,645.00,50,318650
20221118,09:41:47,645.00,300,318650
20221118,09:42:04,644.90,50,318650
20221118,09:42:15,642.25,50,318650
20221118,09:42:21,643.00,50,318650
20221118,09:43:29,645.00,50,318650
20221118,09:43:39,643.50,950,318650
20221118,09:43:51,640.00,50,318650
20221118,09:44:04,640.00,100,318650
20221118,09:44:09,641.35,250,318650
20221118,09:44:13,641.40,50,318650
20221118,09:44:53,646.00,1000,319650
20221118,09:45:02,644.00,300,319650
20221118,09:45:06,644.00,50,319650
20221118,09:45:24,644.00,50,319650
20221118,09:45:28,645.70,50,319650
20221118,09:45:33,644.00,100,319650
20221118,09:45:37,644.00,500,319650
20221118,09:46:09,641.00,50,319650
20221118,09:46:18,639.00,1000,319650
20221118,09:47:05,641.90,200,319650
20221118,09:47:14,644.00,50,319650
20221118,09:47:28,644.05,50,319650
20221118,09:47:46,647.00,50,322550
20221118,09:47:56,649.00,100,322550
20221118,09:48:03,649.00,50,322550
20221118,09:48:06,647.65,50,322550
20221118,09:48:22,648.00,50,322550
20221118,09:48:33,648.00,50,322550
20221118,09:48:35,652.00,500,322550
20221118,09:48:39,650.25,200,322550
20221118,09:48:45,650.70,100,322550
20221118,09:48:56,653.70,200,322550
20221118,09:48:57,653.80,50,322550
20221118,09:48:59,653.35,50,322550
20221118,09:49:00,653.30,200,322550
20221118,09:49:02,653.00,650,322550
20221118,09:49:03,654.00,100,322550
20221118,09:49:04,654.00,300,322550
20221118,09:49:05,654.00,500,322550
20221118,09:49:06,653.80,50,322550
20221118,09:49:08,653.65,50,322550
20221118,09:49:09,653.75,350,322550
20221118,09:49:10,653.00,700,322550
20221118,09:49:11,652.95,50,322550
20221118,09:49:12,652.25,550,322550
20221118,09:49:13,652.30,750,322550
20221118,09:49:15,653.00,600,322550
20221118,09:49:16,652.00,50,322550
20221118,09:49:17,652.00,500,322550
20221118,09:49:18,650.75,150,322550
20221118,09:49:19,652.00,300,322550
20221118,09:49:20,652.00,50,322550
20221118,09:49:22,651.05,550,322550
20221118,09:49:23,652.00,50,322550
20221118,09:49:28,653.00,150,322550
20221118,09:49:31,653.00,1200,322550
20221118,09:49:31,653.00,50,322550
20221118,09:49:32,653.45,450,322550
20221118,09:49:35,653.00,500,322550
20221118,09:49:36,653.00,350,322550
20221118,09:49:37,652.55,600,322550
20221118,09:49:38,652.25,450,322550
20221118,09:49:38,651.95,100,322550
20221118,09:49:39,651.95,150,322550
20221118,09:49:40,652.75,400,322550
20221118,09:49:42,653.05,500,322550
20221118,09:49:43,652.75,200,322550
20221118,09:49:45,652.25,300,322550
20221118,09:49:46,652.60,300,322550
20221118,09:49:47,652.75,50,322550
20221118,09:49:49,652.50,50,322550
20221118,09:49:50,652.30,150,322550
20221118,09:49:51,651.85,250,322550
20221118,09:49:52,651.70,400,322550
20221118,09:49:53,651.60,300,322550
20221118,09:49:55,650.00,750,322550
20221118,09:49:56,650.70,100,322550
20221118,09:49:57,651.30,50,322550
20221118,09:49:58,651.15,50,322550
20221118,09:50:00,651.30,100,322550
20221118,09:50:02,651.60,100,322550
20221118,09:50:03,651.95,200,322550
20221118,09:50:05,651.20,50,322550
20221118,09:50:06,653.05,250,322550
20221118,09:50:10,653.05,150,322550
20221118,09:50:11,653.75,100,322550
20221118,09:50:14,654.00,250,322550
20221118,09:50:16,654.25,250,322550
20221118,09:50:17,654.50,100,322550
20221118,09:50:18,653.15,850,322550
20221118,09:50:18,654.50,250,322550
20221118,09:50:20,653.85,100,322550
20221118,09:50:21,652.55,750,322550
20221118,09:50:22,652.95,50,322550
20221118,09:50:24,652.55,550,322550
20221118,09:50:25,652.00,550,322550
20221118,09:50:26,652.70,50,322550
20221118,09:50:27,652.85,150,322550
20221118,09:50:29,652.35,200,338500
20221118,09:50:30,651.95,300,338500
20221118,09:50:32,651.95,550,338500
20221118,09:50:33,652.00,150,338500
20221118,09:50:37,652.00,150,338500
20221118,09:50:39,654.00,100,338500
20221118,09:50:40,654.35,100,338500
20221118,09:50:42,654.00,200,338500
20221118,09:50:43,653.95,50,338500
20221118,09:50:45,654.00,50,338500
20221118,09:50:48,654.00,250,338500
20221118,09:50:49,653.95,200,338500
20221118,09:50:50,655.00,350,338500
20221118,09:50:51,653.95,150,338500
20221118,09:50:52,653.95,100,338500
20221118,09:50:53,653.95,50,338500
20221118,09:50:54,655.00,150,338500
20221118,09:50:58,654.75,50,338500
20221118,09:51:00,654.00,600,338500
20221118,09:51:00,654.85,100,338500
20221118,09:51:01,655.00,50,338500
20221118,09:51:02,654.00,250,338500
20221118,09:51:04,654.65,100,338500
20221118,09:51:05,654.00,150,338500
20221118,09:51:06,653.95,550,338500
20221118,09:51:07,654.20,300,338500
20221118,09:51:07,654.20,50,338500
20221118,09:51:08,653.85,100,338500
20221118,09:51:11,653.00,150,338500
20221118,09:51:13,652.95,50,338500
20221118,09:51:14,653.00,50,338500
20221118,09:51:16,653.35,350,338500
20221118,09:51:17,653.00,100,338500
20221118,09:51:18,652.95,50,338500
20221118,09:51:19,652.00,550,338500
20221118,09:51:20,651.70,1300,338500
20221118,09:51:21,651.50,100,338500
20221118,09:51:23,651.75,400,338500
20221118,09:51:24,651.00,400,338500
20221118,09:51:26,651.00,450,338500
20221118,09:51:26,651.10,100,338500
20221118,09:51:27,651.00,150,338500
20221118,09:51:29,651.55,200,338500
20221118,09:51:30,651.00,50,338500
20221118,09:51:32,652.15,100,338500
20221118,09:51:35,651.55,50,338500
20221118,09:51:36,651.25,100,338500
20221118,09:51:37,651.05,250,338500
20221118,09:51:38,651.00,50,338500
20221118,09:51:39,651.35,100,338500
20221118,09:51:42,651.00,500,338500
20221118,09:51:43,650.05,100,338500
20221118,09:51:44,650.85,1550,338500
20221118,09:51:45,648.60,200,338500
20221118,09:51:46,650.10,150,338500
20221118,09:51:48,650.00,50,338500
20221118,09:51:50,649.45,100,338500
20221118,09:51:51,648.60,50,338500
20221118,09:51:53,648.85,250,338500
20221118,09:51:57,648.65,100,338500
20221118,09:51:58,649.60,500,338500
20221118,09:51:59,648.85,50,338500
20221118,09:52:00,648.25,50,338500
20221118,09:52:01,648.55,50,338500
20221118,09:52:01,648.00,50,338500
20221118,09:52:02,648.40,150,338500
20221118,09:52:03,650.45,750,338500
20221118,09:52:04,649.00,100,338500
20221118,09:52:05,648.85,50,338500
20221118,09:52:06,649.60,400,338500
20221118,09:52:07,649.00,50,338500
20221118,09:52:09,649.80,150,338500
20221118,09:52:10,650.00,250,338500
20221118,09:52:12,649.00,50,338500
20221118,09:52:14,650.00,200,338500
20221118,09:52:15,650.00,50,338500
20221118,09:52:16,648.85,550,338500
20221118,09:52:20,650.00,150,338500
20221118,09:52:21,651.30,100,338500
20221118,09:52:23,651.30,50,338500
20221118,09:52:24,650.05,50,338500
20221118,09:52:26,650.05,400,338500
20221118,09:52:27,651.40,50,338500
20221118,09:52:30,651.35,100,338500
20221118,09:52:31,652.00,350,338500
20221118,09:52:32,651.40,50,338500
20221118,09:52:33,651.60,200,338500
20221118,09:52:35,651.40,150,338500
20221118,09:52:37,652.00,50,338500
20221118,09:52:40,653.00,50,338500
20221118,09:52:41,653.00,50,338500
20221118,09:52:43,653.15,300,338500
20221118,09:52:44,654.85,100,338500
20221118,09:52:47,653.20,100,338500
20221118,09:52:49,654.65,50,338500
20221118,09:52:51,654.60,100,338500
20221118,09:52:53,654.50,100,338500
20221118,09:52:54,654.95,300,338500
20221118,09:52:56,654.65,100,338500
20221118,09:52:57,654.85,250,338500
20221118,09:52:58,654.65,200,338500
20221118,09:53:00,654.50,100,338500
20221118,09:53:02,655.00,250,338500
20221118,09:53:05,655.00,50,338500
20221118,09:53:06,655.75,100,338500
20221118,09:53:07,655.00,100,338500
20221118,09:53:08,656.35,50,338500
20221118,09:53:09,655.05,150,338500
20221118,09:53:10,656.75,100,338500
20221118,09:53:12,657.15,250,338500
20221118,09:53:13,657.15,300,338500
20221118,09:53:15,657.10,50,338500
20221118,09:53:16,655.80,350,338500
20221118,09:53:17,656.00,100,338500
20221118,09:53:18,656.15,250,338500
20221118,09:53:19,656.00,150,338500
20221118,09:53:21,656.00,50,338500
20221118,09:53:22,656.80,100,338500
20221118,09:53:23,656.30,400,338500
20221118,09:53:24,656.80,300,338500
20221118,09:53:26,656.60,50,338500
20221118,09:53:26,656.80,150,338500
20221118,09:53:28,657.00,1000,338500
20221118,09:53:29,657.75,200,338500
20221118,09:53:31,658.00,350,350050
20221118,09:53:32,658.00,150,350050
20221118,09:53:33,658.00,50,350050
20221118,09:53:34,657.80,100,350050
20221118,09:53:36,658.00,50,350050
20221118,09:53:37,658.30,1650,350050
20221118,09:53:38,658.30,100,350050
20221118,09:53:39,657.95,100,350050
20221118,09:53:40,657.00,50,350050
20221118,09:53:42,657.00,100,350050
20221118,09:53:43,659.00,350,350050
20221118,09:53:45,657.60,250,350050
20221118,09:53:46,657.55,50,350050
20221118,09:53:47,657.75,100,350050
20221118,09:53:48,657.80,100,350050
20221118,09:53:49,657.80,400,350050
20221118,09:53:50,658.00,400,350050
20221118,09:53:51,658.00,1100,350050
20221118,09:53:53,658.00,100,350050
20221118,09:53:54,658.00,250,350050
20221118,09:53:55,657.70,150,350050
20221118,09:53:56,658.75,300,350050
20221118,09:53:57,658.00,250,350050
20221118,09:53:58,658.65,50,350050
20221118,09:53:59,657.80,950,350050
20221118,09:54:00,657.55,200,350050
20221118,09:54:01,658.00,250,350050
20221118,09:54:02,658.00,50,350050
20221118,09:54:03,658.00,200,350050
20221118,09:54:04,658.00,150,350050
20221118,09:54:05,658.00,100,350050
20221118,09:54:06,658.55,50,350050
20221118,09:54:07,658.00,200,350050
20221118,09:54:08,658.00,200,350050
20221118,09:54:10,658.00,500,350050
20221118,09:54:13,658.70,50,350050
20221118,09:54:14,659.00,50,350050
20221118,09:54:15,659.80,50,350050
20221118,09:54:16,659.80,50,350050
20221118,09:54:17,658.50,100,350050
20221118,09:54:18,658.70,250,350050
20221118,09:54:20,658.75,50,350050
20221118,09:54:21,658.70,150,350050
20221118,09:54:22,658.80,100,350050
20221118,09:54:25,659.80,150,350050
20221118,09:54:26,658.00,50,350050
20221118,09:54:27,659.80,250,350050
20221118,09:54:30,660.00,250,350050
20221118,09:54:31,660.00,100,350050
20221118,09:54:32,660.30,150,350050
20221118,09:54:33,659.75,150,350050
20221118,09:54:34,660.00,200,350050
20221118,09:54:35,660.90,600,350050
20221118,09:54:36,659.80,150,350050
20221118,09:54:37,661.00,1100,350050
20221118,09:54:39,660.00,50,350050
20221118,09:54:40,660.70,250,350050
20221118,09:54:41,660.70,50,350050
20221118,09:54:42,660.00,100,350050
20221118,09:54:43,660.00,250,350050
20221118,09:54:44,661.00,150,350050
20221118,09:54:46,660.70,200,350050
20221118,09:54:49,661.00,450,350050
20221118,09:54:51,661.65,100,350050
20221118,09:54:52,661.60,100,350050
20221118,09:54:53,661.00,50,350050
20221118,09:54:54,661.90,1250,350050
20221118,09:54:55,661.45,200,350050
20221118,09:54:56,661.80,150,350050
20221118,09:54:58,664.60,800,350050
20221118,09:54:59,662.55,650,350050
20221118,09:55:00,664.00,50,350050
20221118,09:55:01,661.90,150,350050
20221118,09:55:02,664.40,100,350050
20221118,09:55:03,663.00,350,350050
20221118,09:55:06,664.40,100,350050
20221118,09:55:09,664.00,150,350050
20221118,09:55:11,665.00,100,350050
20221118,09:55:13,665.00,150,350050
20221118,09:55:14,663.45,300,350050
20221118,09:55:15,663.75,50,350050
20221118,09:55:16,662.60,200,350050
20221118,09:55:17,663.00,50,350050
20221118,09:55:18,663.00,200,350050
20221118,09:55:19,664.00,50,350050
20221118,09:55:20,663.10,400,350050
20221118,09:55:21,663.50,100,350050
20221118,09:55:22,663.00,50,350050
20221118,09:55:23,662.95,250,350050
20221118,09:55:24,663.00,50,350050
20221118,09:55:27,662.55,100,350050
20221118,09:55:28,663.00,200,350050
20221118,09:55:29,663.40,50,350050
20221118,09:55:30,664.95,250,350050
20221118,09:55:31,665.00,600,350050
20221118,09:55:32,666.65,50,350050
20221118,09:55:33,666.65,50,350050
20221118,09:55:34,664.95,350,350050
20221118,09:55:35,666.35,50,350050
20221118,09:55:39,666.95,1050,350050
20221118,09:55:41,666.95,450,350050
20221118,09:55:43,665.00,50,350050
20221118,09:55:44,664.40,50,350050
20221118,09:55:45,666.00,350,350050
20221118,09:55:46,666.70,100,350050
20221118,09:55:47,666.00,100,350050
20221118,09:55:49,667.25,400,350050
20221118,09:55:50,667.25,50,350050
20221118,09:55:51,667.25,50,350050
20221118,09:55:53,665.00,100,350050
20221118,09:55:54,666.00,900,350050
20221118,09:55:55,666.60,50,350050
20221118,09:55:58,665.75,300,350050
20221118,09:55:59,665.00,300,350050
20221118,09:56:00,665.00,150,350050
20221118,09:56:02,665.00,450,350050
20221118,09:56:03,665.00,500,350050
20221118,09:56:04,665.00,50,350050
20221118,09:56:06,664.95,100,350050
20221118,09:56:07,665.75,250,350050
20221118,09:56:08,665.00,50,350050
20221118,09:56:09,665.70,100,350050
20221118,09:56:10,666.10,100,350050
20221118,09:56:11,666.10,50,350050
20221118,09:56:12,665.65,150,350050
20221118,09:56:13,665.50,50,350050
20221118,09:56:14,665.00,200,350050
20221118,09:56:15,665.00,500,350050
20221118,09:56:18,665.00,100,350050
20221118,09:56:19,664.80,150,350050
20221118,09:56:20,664.00,100,350050
20221118,09:56:21,665.00,250,350050
20221118,09:56:23,665.70,500,350050
20221118,09:56:24,665.70,50,350050
20221118,09:56:25,665.00,50,350050
20221118,09:56:26,665.35,50,350050
20221118,09:56:27,665.00,200,350050
20221118,09:56:28,665.00,100,350050
20221118,09:56:29,665.40,650,350050
20221118,09:56:31,664.00,400,369700
20221118,09:56:32,664.50,300,369700
20221118,09:56:33,664.80,100,369700
20221118,09:56:35,664.45,150,369700
20221118,09:56:36,664.55,100,369700
20221118,09:56:37,663.55,50,369700
20221118,09:56:39,663.85,200,369700
20221118,09:56:40,663.00,700,369700
20221118,09:56:42,664.50,50,369700
20221118,09:56:43,664.00,50,369700
20221118,09:56:44,663.45,100,369700
20221118,09:56:45,663.00,50,369700
20221118,09:56:46,663.30,100,369700
20221118,09:56:48,663.00,550,369700
20221118,09:56:50,662.00,100,369700
20221118,09:56:53,662.35,50,369700
20221118,09:56:55,662.00,50,369700
20221118,09:56:56,662.75,100,369700
20221118,09:56:57,662.00,350,369700
20221118,09:57:00,664.00,150,369700
20221118,09:57:01,663.05,100,369700
20221118,09:57:06,665.10,150,369700
20221118,09:57:10,663.00,450,369700
20221118,09:57:15,663.90,50,369700
20221118,09:57:19,664.95,200,369700
20221118,09:57:23,664.00,300,369700
20221118,09:57:27,665.00,350,369700
20221118,09:57:32,665.90,100,369700
20221118,09:57:37,664.35,450,369700
20221118,09:57:41,666.00,450,369700
20221118,09:57:46,670.00,650,369700
20221118,09:57:56,670.00,650,369700
20221118,09:58:01,667.35,50,369700
20221118,09:58:05,666.85,350,369700
20221118,09:58:10,666.00,450,369700
20221118,09:58:14,667.30,650,369700
20221118,09:58:19,667.80,100,369700
20221118,09:58:24,668.00,350,369700
20221118,09:58:28,668.00,350,369700
20221118,09:58:33,668.00,300,369700
20221118,09:58:37,668.00,400,369700
20221118,09:58:42,668.55,750,369700
20221118,09:58:46,668.15,750,369700
20221118,09:58:55,667.00,400,369700
20221118,09:59:00,668.00,550,369700
20221118,09:59:01,668.30,50,369700
20221118,09:59:03,668.00,50,369700
20221118,09:59:05,668.00,50,369700
20221118,09:59:06,669.00,50,369700
20221118,09:59:07,668.00,50,369700
20221118,09:59:08,668.00,100,369700
20221118,09:59:09,668.90,50,369700
20221118,09:59:10,668.00,50,369700
20221118,09:59:12,668.00,50,369700
20221118,09:59:14,668.75,100,369700
20221118,09:59:20,668.00,250,369700
20221118,09:59:21,668.95,200,369700
20221118,09:59:23,668.75,50,369700
20221118,09:59:25,669.40,50,369700
20221118,09:59:26,669.80,50,369700
20221118,09:59:30,670.65,400,369700
20221118,09:59:32,670.65,50,379600
20221118,09:59:36,669.00,300,379600
20221118,09:59:37,669.35,300,379600
20221118,09:59:39,669.50,50,379600
20221118,09:59:40,668.95,150,379600
20221118,09:59:45,669.50,100,379600
20221118,09:59:50,669.25,950,379600
20221118,09:59:52,668.00,1350,379600
20221118,09:59:55,668.55,150,379600
20221118,09:59:57,667.70,100,379600
20221118,09:59:59,668.00,50,379600
20221118,10:00:00,668.25,50,379600
20221118,10:00:01,668.00,150,379600
20221118,10:00:05,668.00,200,379600
20221118,10:00:10,667.65,750,379600
20221118,10:00:14,668.00,100,379600
20221118,10:00:19,665.55,1000,379600
20221118,10:00:23,666.05,100,379600
20221118,10:00:28,667.00,200,379600
20221118,10:00:32,667.10,100,379600
20221118,10:00:37,668.00,350,379600
20221118,10:00:41,668.65,200,379600
20221118,10:00:45,668.00,500,379600
20221118,10:00:50,669.20,1150,379600
20221118,10:00:54,668.00,150,379600
20221118,10:00:58,668.00,200,379600
20221118,10:01:01,669.00,50,379600
20221118,10:01:02,669.60,50,379600
20221118,10:01:03,669.20,200,379600
20221118,10:01:07,668.00,200,379600
20221118,10:01:11,669.05,50,379600
20221118,10:01:12,668.00,50,379600
20221118,10:01:14,668.60,50,379600
20221118,10:01:15,669.05,150,379600
20221118,10:01:20,667.85,750,379600
20221118,10:01:21,667.95,50,379600
20221118,10:01:25,667.60,250,379600
20221118,10:01:26,667.40,200,379600
20221118,10:01:27,667.00,100,379600
20221118,10:01:28,667.00,50,379600
20221118,10:01:31,666.35,1050,379600
20221118,10:01:32,666.35,600,379600
20221118,10:01:33,666.05,50,379600
20221118,10:01:36,666.05,50,379600
20221118,10:01:38,666.00,50,379600
20221118,10:01:39,666.05,100,379600
20221118,10:01:40,666.05,50,379600
20221118,10:01:41,666.00,50,379600
20221118,10:01:42,666.05,100,379600
20221118,10:01:44,666.05,200,379600
20221118,10:01:47,666.05,250,379600
20221118,10:01:49,666.05,350,379600
20221118,10:01:50,666.05,200,379600
20221118,10:01:52,666.05,700,379600
20221118,10:01:53,666.05,200,379600
20221118,10:01:54,666.05,1200,379600
20221118,10:01:58,666.05,200,379600
20221118,10:01:59,666.15,100,379600
20221118,10:02:04,669.20,850,379600
20221118,10:02:09,669.20,450,379600
20221118,10:02:14,669.95,400,379600
20221118,10:02:18,671.95,300,379600
20221118,10:02:23,671.95,200,379600
20221118,10:02:27,668.80,400,379600
20221118,10:02:32,668.25,450,391300
20221118,10:02:36,670.60,400,391300
20221118,10:02:40,668.00,200,391300
20221118,10:02:45,668.80,550,391300
20221118,10:02:49,668.60,350,391300
20221118,10:02:53,667.05,250,391300
20221118,10:02:58,668.05,450,391300
20221118,10:03:01,668.00,150,391300
20221118,10:03:02,669.00,50,391300
20221118,10:03:03,669.00,50,391300
20221118,10:03:04,668.10,550,391300
20221118,10:03:06,670.00,50,391300
20221118,10:03:07,669.00,1800,391300
20221118,10:03:10,669.00,100,391300
20221118,10:03:11,668.00,200,391300
20221118,10:03:14,667.25,50,391300
20221118,10:03:17,668.10,50,391300
20221118,10:03:19,668.00,150,391300
20221118,10:03:21,669.20,50,391300
20221118,10:03:23,668.00,150,391300
20221118,10:03:26,669.10,550,391300
20221118,10:03:27,669.15,200,391300
20221118,10:03:28,667.15,300,391300
20221118,10:03:30,667.45,50,391300
20221118,10:03:32,667.00,650,391300
20221118,10:03:35,666.10,200,391300
20221118,10:03:37,666.05,150,391300
20221118,10:03:37,667.55,50,391300
20221118,10:03:40,667.65,50,391300
20221118,10:03:41,666.00,150,391300
20221118,10:03:44,666.10,200,391300
20221118,10:03:47,666.10,350,391300
20221118,10:03:48,666.00,50,391300
20221118,10:03:50,666.10,50,391300
20221118,10:03:52,667.00,50,391300
20221118,10:03:53,667.00,50,391300
20221118,10:03:55,668.00,550,391300
20221118,10:03:58,667.95,150,391300
20221118,10:03:59,667.00,100,391300
20221118,10:04:01,667.20,200,391300
20221118,10:04:02,666.00,200,391300
20221118,10:04:02,667.65,50,391300
20221118,10:04:05,667.00,50,391300
20221118,10:04:07,667.00,50,391300
20221118,10:04:08,665.00,500,391300
20221118,10:04:09,666.95,50,391300
20221118,10:04:11,666.95,300,391300
20221118,10:04:14,666.95,450,391300
20221118,10:04:16,666.00,50,391300
20221118,10:04:20,666.95,100,391300
20221118,10:04:22,666.95,50,391300
20221118,10:04:24,666.90,50,391300
20221118,10:04:26,665.00,100,391300
20221118,10:04:29,664.80,50,391300
20221118,10:04:30,664.95,50,391300
20221118,10:04:34,664.75,100,391300
20221118,10:04:36,664.00,450,391300
20221118,10:04:38,663.95,50,391300
20221118,10:04:39,663.90,150,391300
20221118,10:04:40,663.05,150,391300
20221118,10:04:43,664.95,50,391300
20221118,10:04:44,664.30,50,391300
20221118,10:04:47,664.00,50,391300
20221118,10:04:50,664.00,50,391300
20221118,10:04:56,664.00,50,391300
20221118,10:04:57,664.00,100,391300
20221118,10:04:59,663.75,50,391300
20221118,10:05:00,663.00,150,391300
20221118,10:05:02,662.95,100,391300
20221118,10:05:06,662.95,100,391300
20221118,10:05:07,663.00,50,391300
20221118,10:05:09,662.00,150,391300
20221118,10:05:11,662.00,50,391300
20221118,10:05:12,662.00,50,391300
20221118,10:05:14,663.00,50,391300
20221118,10:05:17,663.00,200,391300
20221118,10:05:19,664.00,50,391300
20221118,10:05:22,664.00,50,391300
20221118,10:05:23,662.95,200,391300
20221118,10:05:26,662.95,300,391300
20221118,10:05:27,663.95,50,391300
20221118,10:05:29,664.00,50,391300
20221118,10:05:30,663.00,50,391300
20221118,10:05:31,664.00,100,391300
20221118,10:05:32,665.00,200,402000
20221118,10:05:36,666.00,150,402000
20221118,10:05:38,665.00,50,402000
20221118,10:05:42,665.50,50,402000
20221118,10:05:43,665.00,100,402000
20221118,10:05:46,664.00,200,402000
20221118,10:05:47,664.35,200,402000
20221118,10:05:50,664.15,50,402000
20221118,10:05:52,664.00,50,402000
20221118,10:05:53,664.65,100,402000
20221118,10:05:54,664.00,50,402000
20221118,10:05:56,664.00,50,402000
20221118,10:06:03,664.00,50,402000
20221118,10:06:10,664.00,100,402000
20221118,10:06:14,664.30,50,402000
20221118,10:06:15,666.00,50,402000
20221118,10:06:19,666.00,50,402000
20221118,10:06:21,666.00,50,402000
20221118,10:06:22,666.00,50,402000
20221118,10:06:23,666.00,150,402000
20221118,10:06:25,666.00,100,402000
20221118,10:06:27,667.75,600,402000
20221118,10:06:36,668.00,50,402000
20221118,10:06:41,668.00,50,402000
20221118,10:06:43,668.00,50,402000
20221118,10:06:50,668.00,50,402000
20221118,10:06:51,668.00,200,402000
20221118,10:06:52,668.60,600,402000
20221118,10:06:56,669.00,50,402000
20221118,10:07:01,668.00,100,402000
20221118,10:07:03,668.50,200,402000
20221118,10:07:04,667.75,150,402000
20221118,10:07:05,667.80,250,402000
20221118,10:07:08,667.00,150,402000
20221118,10:07:09,667.00,100,402000
20221118,10:07:10,667.00,450,402000
20221118,10:07:11,667.10,100,402000
20221118,10:07:15,665.00,50,402000
20221118,10:07:17,666.00,50,402000
20221118,10:07:18,666.80,50,402000
20221118,10:07:22,666.00,50,402000
20221118,10:07:25,665.00,350,402000
20221118,10:07:31,665.00,50,402000
20221118,10:07:32,665.00,100,402000
20221118,10:07:33,665.55,50,402000
20221118,10:07:34,664.00,200,402000
20221118,10:07:35,664.00,50,402000
20221118,10:07:37,664.00,450,402000
20221118,10:07:38,664.00,550,402000
20221118,10:07:41,664.00,150,402000
20221118,10:07:45,664.00,50,402000
20221118,10:07:49,664.00,100,402000
20221118,10:07:50,664.00,50,402000
20221118,10:07:55,663.15,50,402000
20221118,10:07:57,664.80,250,402000
20221118,10:07:59,663.15,50,402000
20221118,10:08:07,665.00,150,402000
20221118,10:08:11,665.00,50,402000
20221118,10:08:18,665.00,100,402000
20221118,10:08:23,664.05,50,402000
20221118,10:08:27,664.00,300,402000
20221118,10:08:31,665.00,250,402000
20221118,10:08:39,665.80,100,408000
20221118,10:08:46,665.80,100,408000
20221118,10:08:50,665.10,50,408000
20221118,10:08:54,665.00,250,408000
20221118,10:08:57,666.00,50,408000
20221118,10:09:05,666.00,50,408000
20221118,10:09:10,665.05,200,408000
20221118,10:09:14,664.00,1150,408000
20221118,10:09:26,664.05,50,408000
20221118,10:09:30,664.05,150,408000
20221118,10:09:34,664.00,200,408000
20221118,10:09:38,663.70,1150,408000
20221118,10:09:42,664.00,900,408000
20221118,10:09:46,663.50,200,408000
20221118,10:09:50,664.00,100,408000
20221118,10:09:54,663.35,450,408000
20221118,10:09:58,663.35,400,408000
20221118,10:10:02,663.70,200,408000
20221118,10:10:05,663.70,50,408000
20221118,10:10:06,666.00,50,408000
20221118,10:10:07,664.00,200,408000
20221118,10:10:08,664.00,300,408000
20221118,10:10:10,665.00,100,408000
20221118,10:10:14,663.75,50,408000
20221118,10:10:16,663.70,50,408000
20221118,10:10:17,666.00,50,408000
20221118,10:10:20,665.00,50,408000
20221118,10:10:23,663.75,50,408000
20221118,10:10:25,664.00,100,408000
20221118,10:10:29,664.00,50,408000
20221118,10:10:32,665.95,450,408000
20221118,10:10:37,666.00,50,408000
20221118,10:10:47,665.00,50,408000
20221118,10:10:52,664.50,50,408000
20221118,10:10:57,665.95,50,408000
20221118,10:10:58,665.00,50,408000
20221118,10:11:00,665.00,50,408000
20221118,10:11:01,666.35,300,408000
20221118,10:11:02,666.00,50,408000
20221118,10:11:03,666.00,100,408000
20221118,10:11:04,666.00,50,408000
20221118,10:11:06,665.95,50,408000
20221118,10:11:08,666.00,50,408000
20221118,10:11:12,665.90,100,408000
20221118,10:11:13,665.00,950,408000
20221118,10:11:14,665.00,550,408000
20221118,10:11:16,664.00,400,408000
20221118,10:11:19,665.85,100,408000
20221118,10:11:33,665.25,50,408000
20221118,10:11:34,665.05,100,414300
20221118,10:11:37,664.00,100,414300
20221118,10:11:38,665.00,50,414300
20221118,10:11:40,664.00,50,414300
20221118,10:11:43,664.00,50,414300
20221118,10:11:45,665.00,50,414300
20221118,10:11:49,664.00,200,414300
20221118,10:11:50,664.80,400,414300
20221118,10:11:53,663.95,300,414300
20221118,10:11:55,663.00,300,414300
20221118,10:11:56,663.30,50,414300
20221118,10:11:57,663.00,400,414300
20221118,10:11:58,663.00,50,414300
20221118,10:12:00,662.00,50,414300
20221118,10:12:01,662.00,50,414300
20221118,10:12:08,662.75,400,414300
20221118,10:12:13,662.55,400,414300
20221118,10:12:17,663.00,100,414300
20221118,10:12:21,663.30,50,414300
20221118,10:12:29,662.00,250,414300
20221118,10:12:34,662.95,250,414300
20221118,10:12:43,662.95,250,414300
20221118,10:12:47,663.00,100,414300
20221118,10:12:51,662.95,50,414300
20221118,10:12:56,662.00,50,414300
20221118,10:13:00,662.00,50,414300
20221118,10:13:01,663.00,50,414300
20221118,10:13:02,663.50,250,414300
20221118,10:13:10,662.55,750,414300
20221118,10:13:11,664.00,100,414300
20221118,10:13:17,663.40,300,414300
20221118,10:13:21,665.95,200,414300
20221118,10:13:28,666.00,50,414300
20221118,10:13:32,664.50,500,414300
20221118,10:13:36,667.15,250,414300
20221118,10:13:39,668.00,50,414300
20221118,10:13:50,668.20,200,414300
20221118,10:13:51,669.85,50,414300
20221118,10:13:54,670.00,950,414300
20221118,10:13:58,670.00,50,414300
20221118,10:14:00,670.00,50,414300
20221118,10:14:03,670.00,50,414300
20221118,10:14:07,669.00,50,414300
20221118,10:14:09,668.00,50,414300
20221118,10:14:12,669.95,150,414300
20221118,10:14:17,670.00,50,414300
20221118,10:14:26,670.00,50,414300
20221118,10:14:28,670.00,50,414300
20221118,10:14:29,670.00,100,414300
20221118,10:14:30,670.00,100,414300
20221118,10:14:33,670.00,100,414300
20221118,10:14:34,668.05,100,418850
20221118,10:14:35,668.05,300,418850
20221118,10:14:39,670.00,50,418850
20221118,10:14:41,670.00,50,418850
20221118,10:14:43,670.00,50,418850
20221118,10:14:44,670.00,50,418850
20221118,10:14:46,669.75,50,418850
20221118,10:14:55,670.00,150,418850
20221118,10:14:56,669.75,50,418850
20221118,10:15:06,669.05,100,418850
20221118,10:15:10,670.00,50,418850
20221118,10:15:11,669.15,200,418850
20221118,10:15:19,671.00,50,418850
20221118,10:15:20,669.75,350,418850
20221118,10:15:22,671.00,50,418850
20221118,10:15:29,670.35,200,418850
20221118,10:15:32,670.00,450,418850
20221118,10:15:34,670.00,200,418850
20221118,10:15:35,670.00,250,418850
20221118,10:15:37,669.15,200,418850
20221118,10:15:38,669.00,700,418850
20221118,10:15:38,669.00,600,418850
20221118,10:15:39,668.00,200,418850
20221118,10:15:41,667.90,50,418850
20221118,10:15:47,668.30,50,418850
20221118,10:15:49,668.00,50,418850
20221118,10:15:52,668.00,50,418850
20221118,10:15:53,668.25,500,418850
20221118,10:15:54,667.80,50,418850
20221118,10:15:55,667.95,50,418850
20221118,10:15:57,667.00,50,418850
20221118,10:16:01,668.00,50,418850
20221118,10:16:05,667.80,50,418850
20221118,10:16:06,668.00,500,418850
20221118,10:16:13,667.00,150,418850
20221118,10:16:18,668.00,50,418850
20221118,10:16:20,667.00,100,418850
20221118,10:16:21,668.00,200,418850
20221118,10:16:24,667.90,100,418850
20221118,10:16:28,667.00,50,418850
20221118,10:16:29,668.00,150,418850
20221118,10:16:31,667.00,50,418850
20221118,10:16:32,668.00,50,418850
20221118,10:16:35,667.90,100,418850
20221118,10:16:36,668.00,50,418850
20221118,10:16:37,666.00,250,418850
20221118,10:16:38,667.00,100,418850
20221118,10:16:40,668.00,50,418850
20221118,10:16:43,667.15,200,418850
20221118,10:16:50,668.75,50,418850
20221118,10:16:52,667.90,50,418850
20221118,10:16:56,668.00,50,418850
20221118,10:17:00,666.60,150,418850
20221118,10:17:08,667.00,50,418850
20221118,10:17:14,667.15,50,418850
20221118,10:17:16,667.15,100,418850
20221118,10:17:18,667.55,150,418850
20221118,10:17:23,667.00,150,418850
20221118,10:17:27,668.00,100,418850
20221118,10:17:33,666.50,400,418850
20221118,10:17:38,666.50,200,425550
20221118,10:17:39,666.50,800,425550
20221118,10:17:42,666.75,100,425550
20221118,10:17:43,666.50,300,425550
20221118,10:17:47,666.00,50,425550
20221118,10:17:53,666.00,100,425550
20221118,10:17:54,666.50,50,425550
20221118,10:18:16,667.95,100,425550
20221118,10:18:25,668.00,250,425550
20221118,10:18:29,670.00,50,425550
20221118,10:18:33,669.95,50,425550
20221118,10:18:37,669.95,200,425550
20221118,10:18:41,670.00,150,425550
20221118,10:18:46,669.00,250,425550
20221118,10:18:50,669.00,150,425550
20221118,10:18:55,667.95,450,425550
20221118,10:18:59,667.50,50,425550
20221118,10:19:03,667.00,150,425550
20221118,10:19:07,667.55,50,425550
20221118,10:19:15,667.55,100,425550
20221118,10:19:19,667.55,100,425550
20221118,10:19:24,667.30,450,425550
20221118,10:19:32,666.60,150,425550
20221118,10:19:36,666.00,400,425550
20221118,10:19:41,667.00,100,425550
20221118,10:19:45,667.00,500,425550
20221118,10:19:49,666.95,100,425550
20221118,10:19:53,667.00,50,425550
20221118,10:20:01,665.00,700,425550
20221118,10:20:04,664.35,100,425550
20221118,10:20:05,661.75,100,425550
20221118,10:20:11,664.10,50,425550
20221118,10:20:12,665.00,500,425550
20221118,10:20:14,665.00,50,425550
20221118,10:20:15,665.45,50,425550
20221118,10:20:26,664.00,50,425550
20221118,10:20:29,664.95,50,425550
20221118,10:20:31,661.80,100,425550
20221118,10:20:34,663.85,300,430550
20221118,10:20:38,661.75,50,430550
20221118,10:20:40,661.00,250,430550
20221118,10:20:43,661.75,100,430550
20221118,10:20:45,661.75,800,430550
20221118,10:20:51,661.15,100,430550
20221118,10:20:55,661.80,50,430550
20221118,10:20:58,662.00,500,430550
20221118,10:20:59,661.00,200,430550
20221118,10:21:01,663.00,100,430550
20221118,10:21:03,660.85,100,430550
20221118,10:21:06,661.75,150,430550
20221118,10:21:09,662.95,50,430550
20221118,10:21:10,660.65,50,430550
20221118,10:21:12,660.55,500,430550
20221118,10:21:16,663.00,500,430550
20221118,10:21:19,661.55,350,430550
20221118,10:21:20,663.00,100,430550
20221118,10:21:21,663.05,200,430550
20221118,10:21:25,664.00,100,430550
20221118,10:21:28,663.05,50,430550
20221118,10:21:35,665.00,50,430550
20221118,10:21:44,665.55,50,430550
20221118,10:21:50,666.65,50,430550
20221118,10:21:56,665.55,50,430550
20221118,10:21:58,666.20,50,430550
20221118,10:22:05,666.10,50,430550
20221118,10:22:06,666.15,50,430550
20221118,10:22:08,666.10,50,430550
20221118,10:22:09,666.00,50,430550
20221118,10:22:18,666.20,100,430550
20221118,10:22:19,666.20,100,430550
20221118,10:22:29,666.00,50,430550
20221118,10:22:32,666.20,150,430550
20221118,10:22:38,666.20,300,430550
20221118,10:22:43,666.20,100,430550
20221118,10:22:45,666.20,100,430550
20221118,10:22:48,666.20,300,430550
20221118,10:22:54,666.20,50,430550
20221118,10:22:58,666.80,150,430550
20221118,10:22:59,666.00,450,430550
20221118,10:23:05,666.00,250,430550
20221118,10:23:11,666.00,50,430550
20221118,10:23:18,666.00,50,430550
20221118,10:23:20,666.90,50,430550
20221118,10:23:22,667.40,100,430550
20221118,10:23:41,667.00,250,434700
20221118,10:23:42,666.90,150,434700
20221118,10:23:48,666.00,50,434700
20221118,10:24:00,665.55,250,434700
20221118,10:24:04,665.75,150,434700
20221118,10:24:12,665.70,100,434700
20221118,10:24:31,665.00,500,434700
20221118,10:24:35,666.00,100,434700
20221118,10:24:39,665.70,150,434700
20221118,10:24:43,665.95,200,434700
20221118,10:24:59,664.00,300,434700
20221118,10:25:01,663.80,50,434700
20221118,10:25:11,663.00,50,434700
20221118,10:25:18,663.00,100,434700
20221118,10:25:26,663.00,50,434700
20221118,10:25:28,663.00,50,434700
20221118,10:25:33,663.20,100,434700
20221118,10:25:35,662.60,50,434700
20221118,10:25:37,660.00,300,434700
20221118,10:25:39,660.00,1200,434700
20221118,10:25:45,657.95,150,434700
20221118,10:25:48,657.05,250,434700
20221118,10:25:51,657.25,50,434700
20221118,10:25:52,657.15,100,434700
20221118,10:25:53,657.10,150,434700
20221118,10:25:54,657.00,50,434700
20221118,10:25:56,657.70,300,434700
20221118,10:26:14,658.30,100,434700
20221118,10:26:23,658.30,50,434700
20221118,10:26:29,658.30,150,434700
20221118,10:26:31,658.30,50,434700
20221118,10:26:35,658.05,50,434700
20221118,10:26:43,658.00,150,438450
20221118,10:26:47,659.65,50,438450
20221118,10:26:57,659.40,50,438450
20221118,10:26:58,659.65,50,438450
20221118,10:27:00,661.75,50,438450
20221118,10:27:04,661.75,50,438450
20221118,10:27:07,659.75,250,438450
20221118,10:27:09,659.50,200,438450
20221118,10:27:13,661.00,50,438450
20221118,10:27:15,661.00,50,438450
20221118,10:27:19,662.00,100,438450
20221118,10:27:36,660.60,200,438450
20221118,10:27:41,661.95,50,438450
20221118,10:27:42,660.05,50,438450
20221118,10:27:54,660.50,300,438450
20221118,10:27:59,660.00,50,438450
20221118,10:28:00,660.00,450,438450
20221118,10:28:02,660.00,150,438450
20221118,10:28:05,660.00,200,438450
20221118,10:28:07,660.00,300,438450
20221118,10:28:07,660.00,50,438450
20221118,10:28:13,659.80,100,438450
20221118,10:28:15,659.00,50,438450
20221118,10:28:17,659.80,50,438450
20221118,10:28:19,659.00,100,438450
20221118,10:28:23,659.00,200,438450
20221118,10:28:29,659.00,50,438450
20221118,10:28:33,660.00,50,438450
20221118,10:28:35,659.00,50,438450
20221118,10:28:36,659.00,200,438450
20221118,10:28:40,659.00,100,438450
20221118,10:28:54,658.00,100,438450
20221118,10:29:27,660.60,100,438450
20221118,10:29:31,659.90,200,438450
20221118,10:29:42,659.30,1300,440600
20221118,10:29:50,659.05,850,440600
20221118,10:29:54,660.50,150,440600
20221118,10:29:58,660.00,600,440600
20221118,10:30:05,661.30,200,440600
20221118,10:30:06,660.50,150,440600
20221118,10:30:30,661.00,100,440600
20221118,10:30:36,662.00,50,440600
20221118,10:30:43,662.00,100,440600
20221118,10:30:44,660.50,350,440600
20221118,10:30:46,660.00,650,440600
20221118,10:30:49,660.00,100,440600
20221118,10:30:53,659.00,100,440600
20221118,10:30:56,659.70,100,440600
20221118,10:31:07,659.00,50,440600
20221118,10:31:08,658.15,100,440600
20221118,10:31:11,659.95,100,440600
20221118,10:31:18,659.95,150,440600
20221118,10:31:43,659.95,100,440600
20221118,10:32:03,659.95,50,440600
20221118,10:32:14,659.95,50,440600
20221118,10:32:22,661.00,50,440600
20221118,10:32:37,661.95,550,440600
20221118,10:32:53,664.00,550,442850
20221118,10:33:09,663.50,50,442850
20221118,10:33:10,663.55,50,442850
20221118,10:33:12,663.05,50,442850
20221118,10:33:16,662.75,50,442850
20221118,10:33:20,662.00,50,442850
20221118,10:33:23,662.75,50,442850
20221118,10:33:27,663.55,100,442850
20221118,10:33:34,661.50,800,442850
20221118,10:33:55,661.55,100,442850
20221118,10:33:59,661.80,100,442850
20221118,10:34:01,663.80,50,442850
20221118,10:34:06,663.00,150,442850
20221118,10:34:10,663.00,350,442850
20221118,10:34:12,663.00,50,442850
20221118,10:34:16,663.05,50,442850
20221118,10:34:18,663.50,50,442850
20221118,10:34:23,663.00,50,442850
20221118,10:34:26,663.50,50,442850
20221118,10:34:27,663.50,50,442850
20221118,10:34:30,663.50,50,442850
20221118,10:34:31,663.50,50,442850
20221118,10:34:32,663.50,50,442850
20221118,10:34:33,663.50,200,442850
20221118,10:34:36,663.50,200,442850
20221118,10:34:39,664.00,400,442850
20221118,10:34:40,663.90,50,442850
20221118,10:34:48,666.90,100,442850
20221118,10:34:49,666.95,150,442850
20221118,10:34:52,665.00,500,442850
20221118,10:34:57,666.95,50,442850
20221118,10:35:00,666.95,100,442850
20221118,10:35:03,666.25,50,442850
20221118,10:35:07,666.00,100,442850
20221118,10:35:08,666.70,50,442850
20221118,10:35:29,667.00,250,442850
20221118,10:35:39,667.00,50,443050
20221118,10:35:44,667.00,50,443050
20221118,10:35:49,667.95,150,443050
20221118,10:35:53,667.00,50,443050
20221118,10:35:58,667.00,100,443050
20221118,10:35:59,667.00,100,443050
20221118,10:36:03,667.00,100,443050
20221118,10:36:05,667.00,50,443050
20221118,10:36:09,667.00,50,443050
20221118,10:36:12,666.70,200,443050
20221118,10:36:13,666.00,100,443050
20221118,10:36:20,667.00,50,443050
20221118,10:36:21,666.00,100,443050
20221118,10:36:24,667.00,50,443050
20221118,10:36:31,666.00,100,443050
20221118,10:36:32,666.60,50,443050
20221118,10:36:36,667.00,50,443050
20221118,10:36:40,667.00,50,443050
20221118,10:36:44,668.00,150,443050
20221118,10:36:48,668.00,50,443050
20221118,10:36:49,668.00,50,443050
20221118,10:36:58,668.00,100,443050
20221118,10:37:05,667.40,50,443050
20221118,10:37:07,667.95,300,443050
20221118,10:37:12,671.45,200,443050
20221118,10:37:12,673.95,50,443050
20221118,10:37:20,673.95,100,443050
20221118,10:37:24,673.95,50,443050
20221118,10:37:25,672.00,50,443050
20221118,10:37:26,673.00,50,443050
20221118,10:37:27,673.00,50,443050
20221118,10:37:31,673.00,200,443050
20221118,10:37:33,673.05,50,443050
20221118,10:37:36,675.05,250,443050
20221118,10:37:37,680.00,250,443050
20221118,10:37:38,680.00,100,443050
20221118,10:37:39,680.00,50,443050
20221118,10:37:40,682.40,150,443050
20221118,10:37:42,682.40,100,443050
20221118,10:37:47,681.75,50,443050
20221118,10:37:49,683.00,400,443050
20221118,10:37:53,683.00,50,443050
20221118,10:37:56,683.35,100,443050
20221118,10:37:57,683.35,50,443050
20221118,10:37:59,682.40,50,443050
20221118,10:38:04,680.05,550,443050
20221118,10:38:05,682.35,100,443050
20221118,10:38:06,682.35,50,443050
20221118,10:38:07,682.25,50,443050
20221118,10:38:14,680.00,100,443050
20221118,10:38:18,680.00,100,443050
20221118,10:38:19,680.00,200,443050
20221118,10:38:20,680.00,450,443050
20221118,10:38:21,680.00,250,443050
20221118,10:38:22,680.00,350,443050
20221118,10:38:28,678.65,150,443050
20221118,10:38:39,677.00,50,445550
20221118,10:38:42,678.65,50,445550
20221118,10:38:50,679.85,50,445550
20221118,10:38:51,679.85,50,445550
20221118,10:39:00,680.00,50,445550
20221118,10:39:03,681.30,50,445550
20221118,10:39:07,681.90,50,445550
20221118,10:39:08,681.95,50,445550
20221118,10:39:09,681.30,500,445550
20221118,10:39:16,684.00,50,445550
20221118,10:39:17,684.00,400,445550
20221118,10:39:24,683.95,100,445550
20221118,10:39:25,683.85,200,445550
20221118,10:39:27,681.35,500,445550
20221118,10:39:30,683.25,50,445550
20221118,10:39:34,681.55,50,445550
20221118,10:39:36,681.00,50,445550
20221118,10:39:37,681.15,50,445550
20221118,10:39:39,680.35,200,445550
20221118,10:39:41,680.90,150,445550
20221118,10:39:42,681.55,200,445550
20221118,10:39:46,680.90,200,445550
20221118,10:39:48,681.50,50,445550
20221118,10:39:51,682.00,50,445550
20221118,10:39:53,682.00,50,445550
20221118,10:39:56,681.15,100,445550
20221118,10:39:57,682.00,50,445550
20221118,10:39:59,681.80,500,445550
20221118,10:40:00,681.50,550,445550
20221118,10:40:02,680.00,50,445550
20221118,10:40:03,682.00,50,445550
20221118,10:40:07,682.00,50,445550
20221118,10:40:16,680.50,50,445550
20221118,10:40:22,681.30,100,445550
20221118,10:40:23,682.00,50,445550
20221118,10:40:26,682.00,100,445550
20221118,10:40:31,682.00,50,445550
20221118,10:40:38,681.00,50,445550
20221118,10:40:40,682.00,50,445550
20221118,10:40:43,682.00,250,445550
20221118,10:40:44,681.90,200,445550
20221118,10:40:50,681.00,50,445550
20221118,10:41:01,682.15,400,445550
20221118,10:41:08,682.00,50,445550
20221118,10:41:09,682.00,50,445550
20221118,10:41:14,681.75,50,445550
20221118,10:41:18,680.50,50,445550
20221118,10:41:27,682.00,50,445550
20221118,10:41:29,682.00,50,445550
20221118,10:41:37,682.60,150,445550
20221118,10:41:44,680.50,50,449000
20221118,10:41:47,680.50,100,449000
20221118,10:41:50,682.00,50,449000
20221118,10:41:52,680.05,100,449000
20221118,10:42:02,681.00,50,449000
20221118,10:42:07,682.00,200,449000
20221118,10:42:19,682.00,100,449000
20221118,10:42:32,682.15,100,449000
20221118,10:42:36,680.45,100,449000
20221118,10:42:40,680.05,100,449000
20221118,10:42:44,680.00,550,449000
20221118,10:42:52,680.80,50,449000
20221118,10:43:00,680.80,50,449000
20221118,10:43:05,682.00,550,449000
20221118,10:43:13,683.00,1000,449000
20221118,10:43:18,684.40,200,449000
20221118,10:43:30,684.40,50,449000
20221118,10:43:34,684.60,300,449000
20221118,10:43:38,684.60,150,449000
20221118,10:43:42,682.00,50,449000
20221118,10:43:47,681.50,50,449000
20221118,10:43:55,683.55,150,449000
20221118,10:44:01,683.00,250,449000
20221118,10:44:02,683.00,50,449000
20221118,10:44:11,683.00,50,449000
20221118,10:44:12,683.00,50,449000
20221118,10:44:17,683.00,50,449000
20221118,10:44:22,682.00,150,449000
20221118,10:44:23,683.00,100,449000
20221118,10:44:30,682.00,50,449000
20221118,10:44:32,682.00,50,449000
20221118,10:44:34,681.50,50,449000
20221118,10:44:38,681.95,100,449000
20221118,10:44:39,681.95,50,449000
20221118,10:44:41,681.50,50,449300
20221118,10:44:44,682.55,50,449300
20221118,10:44:47,681.05,50,449300
20221118,10:44:53,682.95,50,449300
20221118,10:44:57,682.00,50,449300
20221118,10:44:59,682.50,50,449300
20221118,10:45:08,681.80,250,449300
20221118,10:45:12,681.00,200,449300
20221118,10:45:21,681.00,50,449300
20221118,10:45:29,682.00,50,449300
20221118,10:45:33,681.00,100,449300
20221118,10:45:38,680.00,750,449300
20221118,10:45:42,680.40,100,449300
20221118,10:45:51,680.00,50,449300
20221118,10:46:03,680.00,50,449300
20221118,10:46:04,680.00,100,449300
20221118,10:46:06,680.00,250,449300
20221118,10:46:09,678.00,50,449300
20221118,10:46:16,678.00,150,449300
20221118,10:46:20,676.00,50,449300
20221118,10:46:28,678.00,150,449300
20221118,10:46:29,678.00,500,449300
20221118,10:46:34,676.35,100,449300
20221118,10:46:38,677.30,50,449300
20221118,10:46:44,677.25,250,449300
20221118,10:46:50,676.00,650,449300
20221118,10:46:51,676.40,100,449300
20221118,10:46:53,675.00,100,449300
20221118,10:46:54,675.00,150,449300
20221118,10:46:56,676.35,50,449300
20221118,10:47:13,676.00,400,449300
20221118,10:47:18,676.35,150,449300
20221118,10:47:22,677.00,250,449300
20221118,10:47:30,674.60,50,449300
20221118,10:47:42,676.60,50,451700
20221118,10:47:50,677.00,100,451700
20221118,10:47:54,677.70,50,451700
20221118,10:47:58,676.35,100,451700
20221118,10:48:02,675.00,50,451700
20221118,10:48:07,675.00,50,451700
20221118,10:48:09,675.00,50,451700
20221118,10:48:09,674.65,250,451700
20221118,10:48:12,676.35,100,451700
20221118,10:48:18,676.00,50,451700
20221118,10:48:20,677.00,50,451700
20221118,10:48:26,677.00,50,451700
20221118,10:48:28,679.90,50,451700
20221118,10:48:35,679.85,50,451700
20221118,10:48:53,678.45,200,451700
20221118,10:49:06,679.40,50,451700
20221118,10:49:07,678.00,50,451700
20221118,10:49:15,677.05,100,451700
20221118,10:49:17,677.05,50,451700
20221118,10:49:30,677.05,50,451700
20221118,10:49:39,676.55,50,451700
20221118,10:49:52,680.00,50,451700
20221118,10:50:01,679.10,550,451700
20221118,10:50:16,682.00,50,451700
20221118,10:50:24,682.00,50,451700
20221118,10:50:32,681.50,300,451700
20221118,10:50:33,681.15,200,451700
20221118,10:50:39,682.00,300,451700
20221118,10:50:41,681.60,300,451350
20221118,10:50:45,683.60,550,451350
20221118,10:50:51,682.75,250,451350
20221118,10:51:14,682.75,50,451350
20221118,10:51:19,682.75,150,451350
20221118,10:51:23,683.00,50,451350
20221118,10:51:28,686.35,750,451350
20221118,10:51:33,686.35,100,451350
20221118,10:51:42,686.80,50,451350
20221118,10:51:46,686.80,50,451350
20221118,10:51:55,686.00,300,451350
20221118,10:51:59,685.00,50,451350
20221118,10:52:01,684.50,50,451350
20221118,10:52:04,686.00,50,451350
20221118,10:52:05,686.30,50,451350
20221118,10:52:08,685.05,100,451350
20221118,10:52:13,686.00,100,451350
20221118,10:52:21,685.50,150,451350
20221118,10:52:26,685.00,50,451350
20221118,10:52:28,684.50,50,451350
20221118,10:52:38,685.00,250,451350
20221118,10:52:40,685.00,50,451350
20221118,10:52:44,685.95,50,451350
20221118,10:52:51,685.65,100,451350
20221118,10:52:52,685.00,50,451350
20221118,10:52:53,685.25,50,451350
20221118,10:52:55,685.35,50,451350
20221118,10:53:19,685.00,50,451350
20221118,10:53:34,684.10,100,451350
20221118,10:53:41,685.00,150,452150
20221118,10:53:49,683.50,400,452150
20221118,10:53:50,684.20,50,452150
20221118,10:53:56,684.00,50,452150
20221118,10:54:08,684.25,950,452150
20221118,10:54:16,684.25,50,452150
20221118,10:54:20,685.00,250,452150
20221118,10:54:24,683.50,500,452150
20221118,10:54:28,685.00,50,452150
20221118,10:54:36,686.95,50,452150
20221118,10:54:59,686.95,450,452150
20221118,10:55:10,685.00,200,452150
20221118,10:55:17,684.95,50,452150
20221118,10:55:24,685.00,50,452150
20221118,10:55:30,683.60,50,452150
20221118,10:55:39,683.60,50,452150
20221118,10:55:58,683.60,50,452150
20221118,10:55:59,684.95,100,452150
20221118,10:56:03,684.50,500,452150
20221118,10:56:13,684.00,50,452150
20221118,10:56:17,683.60,150,452150
20221118,10:56:17,683.80,50,452150
20221118,10:56:19,684.10,50,452150
20221118,10:56:29,683.00,600,452150
20221118,10:56:33,683.00,50,452150
20221118,10:56:38,681.15,450,452150
20221118,10:56:47,682.00,50,452450
20221118,10:56:53,681.00,100,452450
20221118,10:56:57,681.00,550,452450
20221118,10:57:03,681.00,50,452450
20221118,10:57:15,681.05,100,452450
20221118,10:57:35,684.40,50,452450
20221118,10:57:39,684.40,500,452450
20221118,10:57:50,685.00,100,452450
20221118,10:57:55,685.00,50,452450
20221118,10:57:59,686.25,250,452450
20221118,10:58:08,686.00,50,452450
20221118,10:58:16,686.00,300,452450
20221118,10:58:18,690.00,750,452450
20221118,10:58:21,690.95,100,452450
20221118,10:58:30,690.95,50,452450
20221118,10:58:34,690.00,450,452450
20221118,10:58:39,687.85,150,452450
20221118,10:58:40,690.65,500,452450
20221118,10:58:43,687.55,50,452450
20221118,10:58:59,690.25,50,452450
20221118,10:59:00,687.70,100,452450
20221118,10:59:01,690.80,50,452450
20221118,10:59:06,690.00,50,452450
20221118,10:59:08,690.95,50,452450
20221118,10:59:13,690.55,50,452450
20221118,10:59:15,690.00,200,452450
20221118,10:59:21,690.60,500,452450
20221118,10:59:26,690.60,50,452450
20221118,10:59:42,690.00,50,453800
20221118,10:59:46,690.00,50,453800
20221118,10:59:49,687.60,150,453800
20221118,10:59:51,689.25,50,453800
20221118,10:59:52,689.25,50,453800
20221118,11:00:00,688.40,300,453800
20221118,11:00:10,690.00,50,453800
20221118,11:00:11,691.00,50,453800
20221118,11:00:15,691.00,50,453800
20221118,11:00:22,691.00,100,453800
20221118,11:00:30,693.35,1600,453800
20221118,11:00:31,695.55,6400,453800
20221118,11:00:31,695.55,400,453800
20221118,11:00:33,695.55,3200,453800
20221118,11:00:34,696.00,2400,453800
20221118,11:00:35,696.00,600,453800
20221118,11:00:43,696.00,100,453800
20221118,11:00:45,692.15,100,453800
20221118,11:00:48,695.45,50,453800
20221118,11:00:54,694.10,200,453800
20221118,11:00:59,694.00,50,453800
20221118,11:01:08,694.45,50,453800
20221118,11:01:18,698.05,50,453800
20221118,11:01:22,699.30,1800,453800
20221118,11:01:36,699.30,400,453800
20221118,11:01:40,699.30,100,453800
20221118,11:01:45,699.00,150,453800
20221118,11:02:01,696.20,50,453800
20221118,11:02:05,698.65,100,453800
20221118,11:02:06,699.50,100,453800
20221118,11:02:08,699.90,350,453800
20221118,11:02:09,699.90,50,453800
20221118,11:02:10,700.00,200,453800
20221118,11:02:11,702.90,150,453800
20221118,11:02:14,702.90,50,453800
20221118,11:02:18,700.45,100,453800
20221118,11:02:26,700.85,100,453800
20221118,11:02:28,700.05,150,453800
20221118,11:02:33,700.15,500,453800
20221118,11:02:34,700.20,50,453800
20221118,11:02:38,702.00,50,453800
20221118,11:02:39,702.75,50,453800
20221118,11:02:47,700.15,50,453800
20221118,11:02:49,702.75,50,467000
20221118,11:02:52,702.75,100,467000
20221118,11:02:56,702.00,50,467000
20221118,11:03:04,702.00,50,467000
20221118,11:03:06,702.60,1850,467000
20221118,11:03:07,704.05,300,467000
20221118,11:03:12,704.05,50,467000
20221118,11:03:20,704.80,100,467000
20221118,11:03:24,703.75,100,467000
20221118,11:03:27,702.35,100,467000
20221118,11:03:32,703.15,50,467000
20221118,11:03:41,701.95,100,467000
20221118,11:03:51,701.75,50,467000
20221118,11:03:52,701.10,50,467000
20221118,11:03:53,700.00,400,467000
20221118,11:03:57,697.10,100,467000
20221118,11:03:58,698.60,50,467000
20221118,11:04:02,700.00,300,467000
20221118,11:04:03,700.00,850,467000
20221118,11:04:04,699.45,50,467000
20221118,11:04:10,701.90,100,467000
20221118,11:04:16,700.00,50,467000
20221118,11:04:23,702.00,50,467000
20221118,11:04:37,702.00,200,467000
20221118,11:04:38,702.00,50,467000
20221118,11:04:40,703.75,50,467000
20221118,11:04:53,703.20,50,467000
20221118,11:04:54,702.05,100,467000
20221118,11:04:59,702.05,50,467000
20221118,11:05:00,703.00,100,467000
20221118,11:05:05,703.00,50,467000
20221118,11:05:15,702.45,450,467000
20221118,11:05:19,704.00,100,467000
20221118,11:05:24,704.00,500,467000
20221118,11:05:28,704.75,50,467000
20221118,11:05:32,702.35,50,467000
20221118,11:05:37,702.35,300,467000
20221118,11:05:46,705.00,1950,465750
20221118,11:05:51,705.00,50,465750
20221118,11:06:00,705.00,100,465750
20221118,11:06:05,705.00,50,465750
20221118,11:06:06,705.00,150,465750
20221118,11:06:14,703.10,100,465750
20221118,11:06:17,705.00,50,465750
20221118,11:06:26,705.00,50,465750
20221118,11:06:32,704.85,50,465750
20221118,11:06:37,704.95,50,465750
20221118,11:06:38,703.00,750,465750
20221118,11:06:56,703.00,50,465750
20221118,11:07:08,703.00,50,465750
20221118,11:07:17,702.95,150,465750
20221118,11:07:18,703.00,50,465750
20221118,11:07:19,702.95,50,465750
20221118,11:07:27,702.20,50,465750
20221118,11:07:33,701.95,50,465750
20221118,11:07:55,701.35,50,465750
20221118,11:07:57,698.40,300,465750
20221118,11:08:17,698.40,50,465750
20221118,11:08:18,699.35,200,465750
20221118,11:08:20,698.30,50,465750
20221118,11:08:26,698.55,50,465750
20221118,11:08:30,698.15,50,465750
20221118,11:08:38,699.00,50,465750
20221118,11:08:42,698.10,100,465750
20221118,11:08:56,701.90,100,464750
20221118,11:09:08,702.05,100,464750
20221118,11:09:13,703.00,300,464750
20221118,11:09:15,703.35,50,464750
20221118,11:09:17,703.95,50,464750
20221118,11:09:20,705.00,50,464750
20221118,11:09:23,707.00,100,464750
20221118,11:09:25,708.95,100,464750
20221118,11:09:26,705.90,50,464750
20221118,11:09:28,709.00,50,464750
20221118,11:09:30,709.00,200,464750
20221118,11:09:31,712.00,3400,464750
20221118,11:09:34,708.15,150,464750
20221118,11:09:41,705.95,50,464750
20221118,11:09:47,707.45,50,464750
20221118,11:09:53,705.85,50,464750
20221118,11:09:53,706.90,50,464750
20221118,11:10:04,705.90,50,464750
20221118,11:10:14,705.90,50,464750
20221118,11:10:21,705.00,350,464750
20221118,11:10:27,705.00,450,464750
20221118,11:10:34,707.30,50,464750
20221118,11:10:45,705.00,350,464750
20221118,11:10:49,705.00,550,464750
20221118,11:10:52,704.05,50,464750
20221118,11:11:07,705.55,100,464750
20221118,11:11:25,707.00,50,464750
20221118,11:11:28,707.95,150,464750
20221118,11:11:31,707.95,150,464750
20221118,11:11:42,706.75,300,464750
20221118,11:11:59,706.20,500,467400
20221118,11:12:05,707.00,50,467400
20221118,11:12:06,706.45,50,467400
20221118,11:12:08,707.00,50,467400
20221118,11:12:12,708.15,100,467400
20221118,11:12:17,710.90,250,467400
20221118,11:12:19,712.95,50,467400
20221118,11:12:21,712.95,50,467400
20221118,11:12:26,711.00,100,467400
20221118,11:12:28,711.75,50,467400
20221118,11:12:30,711.75,50,467400
20221118,11:12:39,712.00,300,467400
20221118,11:12:41,709.80,100,467400
20221118,11:12:42,711.00,50,467400
20221118,11:12:49,711.00,50,467400
20221118,11:12:56,711.00,200,467400
20221118,11:12:57,708.05,50,467400
20221118,11:13:05,710.95,50,467400
20221118,11:13:11,710.95,50,467400
20221118,11:13:18,710.80,250,467400
20221118,11:13:21,710.10,200,467400
20221118,11:13:28,710.10,50,467400
20221118,11:13:30,710.80,50,467400
20221118,11:13:34,710.10,100,467400
20221118,11:13:46,712.00,50,467400
20221118,11:13:52,711.00,350,467400
20221118,11:14:09,712.00,50,467400
20221118,11:14:18,712.80,50,467400
20221118,11:14:22,711.00,50,467400
20221118,11:14:27,712.00,50,467400
20221118,11:14:32,715.00,200,467400
20221118,11:14:42,713.60,150,467400
20221118,11:14:47,713.00,150,468150
20221118,11:14:52,713.00,150,468150
20221118,11:14:56,713.15,100,468150
20221118,11:15:01,713.00,500,468150
20221118,11:15:10,711.00,150,468150
20221118,11:15:14,710.00,250,468150
20221118,11:15:24,706.75,200,468150
20221118,11:15:28,706.75,150,468150
20221118,11:15:41,708.95,150,468150
20221118,11:15:50,706.30,500,468150
20221118,11:15:58,708.30,50,468150
20221118,11:16:01,708.65,50,468150
20221118,11:16:07,707.00,50,468150
20221118,11:16:17,709.00,50,468150
20221118,11:16:22,709.85,200,468150
20221118,11:16:42,708.70,100,468150
20221118,11:16:53,707.00,450,468150
20221118,11:16:56,707.00,250,468150
20221118,11:17:04,706.20,100,468150
20221118,11:17:08,707.45,50,468150
20221118,11:17:12,706.20,50,468150
20221118,11:17:33,707.00,50,468150
20221118,11:17:41,707.00,100,468150
20221118,11:17:44,707.00,50,468150
20221118,11:17:48,706.20,100,468150
20221118,11:17:52,706.00,200,470050
20221118,11:18:04,707.15,50,470050
20221118,11:18:09,708.25,100,470050
20221118,11:18:25,711.00,300,470050
20221118,11:18:35,711.00,100,470050
20221118,11:19:13,711.70,100,470050
20221118,11:19:13,711.40,50,470050
20221118,11:19:21,710.00,150,470050
20221118,11:19:35,711.00,100,470050
20221118,11:19:44,711.00,300,470050
20221118,11:19:46,711.00,100,470050
20221118,11:19:53,710.15,50,470050
20221118,11:19:54,709.65,100,470050
20221118,11:19:56,709.50,100,470050
20221118,11:19:57,709.00,100,470050
20221118,11:20:31,706.30,50,470050
20221118,11:20:32,706.30,100,470050
20221118,11:20:36,706.85,50,470050
20221118,11:20:38,706.30,50,470050
20221118,11:20:43,705.85,200,470050
20221118,11:20:48,705.00,150,470650
20221118,11:20:57,702.40,100,470650
20221118,11:21:08,700.25,900,470650
20221118,11:21:17,702.40,200,470650
20221118,11:21:21,703.00,50,470650
20221118,11:21:33,703.50,50,470650
20221118,11:21:54,703.55,50,470650
20221118,11:22:06,705.00,50,470650
20221118,11:22:22,703.00,50,470650
20221118,11:22:27,703.75,50,470650
20221118,11:22:31,702.00,50,470650
20221118,11:22:39,702.10,100,470650
20221118,11:22:43,700.55,450,470650
20221118,11:22:52,701.00,50,470650
20221118,11:23:15,702.00,300,470650
20221118,11:23:26,701.15,50,470650
20221118,11:23:38,701.50,50,470650
20221118,11:23:57,701.00,350,470200
20221118,11:24:00,702.30,50,470200
20221118,11:24:07,701.50,100,470200
20221118,11:24:21,700.95,50,470200
20221118,11:24:41,701.50,50,470200
20221118,11:24:53,700.00,150,470200
20221118,11:25:07,697.55,200,470200
20221118,11:25:20,696.00,50,470200
20221118,11:25:24,697.40,50,470200
20221118,11:25:37,696.80,300,470200
20221118,11:25:45,696.80,50,470200
20221118,11:25:50,696.00,150,470200
20221118,11:25:54,695.20,200,470200
20221118,11:26:01,697.00,50,470200
20221118,11:26:18,698.85,50,470200
20221118,11:26:28,697.05,100,470200
20221118,11:26:33,697.10,50,470200
20221118,11:26:45,699.85,50,470200
20221118,11:26:47,699.85,50,470150
20221118,11:26:51,699.85,50,470150
20221118,11:26:53,697.40,200,470150
20221118,11:27:10,697.40,50,470150
20221118,11:27:17,699.45,50,470150
20221118,11:27:25,697.40,100,470150
20221118,11:27:26,699.25,50,470150
20221118,11:27:33,697.40,200,470150
20221118,11:27:36,697.10,200,470150
20221118,11:27:43,696.80,100,470150
20221118,11:27:50,696.00,50,470150
20221118,11:27:54,696.95,100,470150
20221118,11:27:58,696.00,50,470150
20221118,11:28:09,695.00,50,470150
20221118,11:28:17,695.00,50,470150
20221118,11:28:22,694.55,450,470150
20221118,11:28:53,694.00,50,470150
20221118,11:29:06,695.20,50,470150
20221118,11:29:21,695.20,50,470150
20221118,11:29:28,696.65,50,470150
20221118,11:29:32,696.65,100,470150
20221118,11:29:47,695.15,50,470150
20221118,11:30:17,695.15,100,471150
20221118,11:30:26,695.50,50,471150
20221118,11:30:27,697.50,50,471150
20221118,11:30:43,697.60,150,471150
20221118,11:30:49,700.00,100,471150
20221118,11:31:08,700.00,50,471150
20221118,11:31:24,703.35,50,471150
20221118,11:31:32,704.35,200,471150
20221118,11:31:36,700.85,50,471150
20221118,11:31:44,701.80,50,471150
20221118,11:31:52,701.75,200,471150
20221118,11:32:02,702.05,50,471150
20221118,11:32:10,703.00,50,471150
20221118,11:32:14,702.50,50,471150
20221118,11:32:45,702.00,50,471150
20221118,11:32:54,702.00,50,471050
20221118,11:32:59,702.00,50,471050
20221118,11:33:19,702.00,50,471050
20221118,11:33:38,703.55,200,471050
20221118,11:34:08,704.55,100,471050
20221118,11:34:09,704.55,50,471050
20221118,11:34:18,704.55,100,471050
20221118,11:34:20,704.55,250,471050
20221118,11:34:33,706.40,50,471050
20221118,11:34:42,705.75,50,471050
20221118,11:34:50,706.00,50,471050
20221118,11:34:55,705.00,50,471050
20221118,11:34:57,704.55,50,471050
20221118,11:35:05,705.00,50,471050
20221118,11:35:08,703.50,250,471050
20221118,11:35:12,705.10,50,471050
20221118,11:35:31,704.50,150,471050
20221118,11:36:04,705.95,50,471200
20221118,11:36:18,705.00,100,471200
20221118,11:36:22,704.00,50,471200
20221118,11:36:25,703.50,350,471200
20221118,11:36:28,703.50,150,471200
20221118,11:36:37,703.00,50,471200
20221118,11:36:41,703.00,50,471200
20221118,11:36:58,702.00,150,471200
20221118,11:37:14,701.95,100,471200
20221118,11:37:17,701.40,100,471200
20221118,11:37:25,700.00,50,471200
20221118,11:37:33,700.00,50,471200
20221118,11:37:45,699.95,50,471200
20221118,11:37:53,698.60,250,471200
20221118,11:38:20,698.00,50,471200
20221118,11:38:45,700.00,100,471200
20221118,11:39:01,699.75,50,471600
20221118,11:39:06,700.25,100,471600
20221118,11:39:27,702.00,150,471600
20221118,11:39:36,702.50,50,471600
20221118,11:39:41,702.50,50,471600
20221118,11:39:51,702.35,50,471600
20221118,11:39:58,701.05,50,471600
20221118,11:40:07,701.05,50,471600
20221118,11:40:11,701.65,50,471600
20221118,11:40:12,701.00,100,471600
20221118,11:40:23,699.40,50,471600
20221118,11:40:29,698.00,50,471600
20221118,11:40:33,696.30,50,471600
20221118,11:40:35,698.00,50,471600
20221118,11:40:39,698.00,50,471600
20221118,11:40:55,698.00,50,471600
20221118,11:40:56,698.00,100,471600
20221118,11:41:06,698.00,200,471600
20221118,11:41:07,698.00,150,471600
20221118,11:41:18,698.00,50,471600
20221118,11:41:29,697.40,250,471600
20221118,11:41:33,696.00,50,471600
20221118,11:41:37,696.95,50,471600
20221118,11:41:42,696.00,100,471600
20221118,11:41:44,696.00,50,471600
20221118,11:41:48,695.75,50,471600
20221118,11:41:50,697.00,50,472350
20221118,11:41:53,696.30,50,472350
20221118,11:41:53,696.65,100,472350
20221118,11:41:59,695.45,250,472350
20221118,11:42:07,695.40,50,472350
20221118,11:42:09,693.65,600,472350
20221118,11:42:15,695.45,50,472350
20221118,11:42:31,695.00,150,472350
20221118,11:42:40,696.95,50,472350
20221118,11:42:41,697.20,50,472350
20221118,11:42:52,693.00,200,472350
20221118,11:43:01,693.00,50,472350
20221118,11:43:21,693.00,50,472350
20221118,11:43:43,687.65,450,472350
20221118,11:43:57,689.60,50,472350
20221118,11:44:01,688.40,50,472350
20221118,11:44:08,692.90,50,472350
20221118,11:44:13,692.45,50,472350
20221118,11:45:09,689.55,100,472500
20221118,11:45:18,690.15,50,472500
20221118,11:45:23,690.00,50,472500
20221118,11:45:27,692.50,50,472500
20221118,11:45:31,689.85,500,472500
20221118,11:45:39,689.85,50,472500
20221118,11:46:23,692.95,200,472500
20221118,11:46:34,693.00,50,472500
20221118,11:46:36,693.00,500,472500
20221118,11:46:42,693.00,50,472500
20221118,11:47:01,693.00,50,472500
20221118,11:47:18,692.00,50,472500
20221118,11:47:23,693.00,200,472500
20221118,11:47:43,696.00,100,472500
20221118,11:47:59,696.25,100,472600
20221118,11:48:05,696.25,100,472600
20221118,11:48:24,696.00,50,472600
20221118,11:48:47,696.00,50,472600
20221118,11:49:14,697.00,50,472600
20221118,11:49:18,696.00,50,472600
20221118,11:49:26,696.25,50,472600
20221118,11:49:33,697.20,50,472600
20221118,11:49:59,694.50,150,472600
20221118,11:50:19,694.25,50,472600
20221118,11:50:23,694.25,500,472600
20221118,11:50:34,697.00,50,472600
20221118,11:50:41,697.35,50,472600
20221118,11:50:45,695.90,100,472600
20221118,11:50:49,695.55,200,472600
20221118,11:50:56,695.90,100,472650
20221118,11:51:09,698.20,50,472650
20221118,11:51:21,696.60,150,472650
20221118,11:51:22,699.00,50,472650
20221118,11:51:29,698.00,300,472650
20221118,11:51:33,698.00,50,472650
20221118,11:51:54,697.85,100,472650
20221118,11:51:55,698.05,50,472650
20221118,11:52:13,698.05,200,472650
20221118,11:52:16,699.00,150,472650
20221118,11:52:25,699.00,50,472650
20221118,11:52:29,699.00,50,472650
20221118,11:52:46,700.00,50,472650
20221118,11:53:23,701.00,100,472650
20221118,11:53:26,700.25,50,472650
20221118,11:53:33,700.05,100,472650
20221118,11:53:43,700.00,750,472650
20221118,11:53:49,700.00,100,472650
20221118,11:53:56,699.95,50,474250
20221118,11:54:09,699.95,150,474250
20221118,11:54:17,699.00,400,474250
20221118,11:54:27,699.00,50,474250
20221118,11:54:55,700.00,50,474250
20221118,11:54:59,701.00,950,474250
20221118,11:55:07,700.50,50,474250
20221118,11:55:10,701.00,250,474250
20221118,11:55:14,701.00,50,474250
20221118,11:55:17,701.00,50,474250
20221118,11:55:21,701.00,100,474250
20221118,11:55:24,701.00,150,474250
20221118,11:55:27,699.00,150,474250
20221118,11:55:32,698.40,500,474250
20221118,11:55:36,698.60,250,474250
20221118,11:55:39,697.20,50,474250
20221118,11:55:47,698.00,50,474250
20221118,11:56:26,700.30,50,474250
20221118,11:56:33,702.00,200,474250
20221118,11:57:01,700.00,100,475450
20221118,11:57:13,700.00,100,475450
20221118,11:57:39,700.00,50,475450
20221118,11:57:48,700.00,250,475450
20221118,11:58:05,700.00,50,475450
20221118,11:58:09,700.00,50,475450
20221118,11:58:33,703.00,100,475450
20221118,11:59:28,703.75,50,475450
20221118,11:59:31,703.00,100,475450
20221118,12:00:08,705.05,50,475450
20221118,12:00:24,708.00,50,475750
20221118,12:00:36,708.95,1000,475750
20221118,12:00:45,711.00,200,475750
20221118,12:00:58,710.00,50,475750
20221118,12:01:01,710.95,50,475750
20221118,12:01:19,710.00,100,475750
20221118,12:01:44,707.25,50,475750
20221118,12:01:50,708.00,200,475750
20221118,12:02:07,707.80,50,475750
20221118,12:02:15,707.10,50,475750
20221118,12:02:26,705.00,100,475750
20221118,12:02:44,705.00,100,475750
20221118,12:02:52,705.00,50,475750
20221118,12:03:13,705.00,50,476050
20221118,12:03:18,705.00,50,476050
20221118,12:03:24,704.00,50,476050
20221118,12:03:26,703.50,100,476050
20221118,12:03:29,703.00,100,476050
20221118,12:03:47,703.00,50,476050
20221118,12:04:10,703.05,50,476050
20221118,12:04:25,703.05,50,476050
20221118,12:04:32,704.75,100,476050
20221118,12:04:37,705.00,300,476050
20221118,12:04:41,704.00,50,476050
20221118,12:04:54,704.00,150,476050
20221118,12:05:24,703.00,50,476050
20221118,12:05:47,702.90,50,476050
20221118,12:05:51,703.55,100,476050
20221118,12:05:55,700.80,100,476750
20221118,12:06:00,700.80,100,476750
20221118,12:06:04,697.45,250,476750
20221118,12:07:16,699.95,50,476750
20221118,12:07:54,698.05,100,476750
20221118,12:07:58,699.95,300,476750
20221118,12:08:00,699.95,200,476750
20221118,12:08:01,699.00,50,476750
20221118,12:08:35,700.00,50,476750
20221118,12:08:42,700.00,50,476750
20221118,12:08:54,699.00,50,476750
20221118,12:08:57,699.00,150,477350
20221118,12:09:12,698.00,150,477350
20221118,12:09:16,697.00,950,477350
20221118,12:09:44,699.90,50,477350
20221118,12:09:58,700.00,100,477350
20221118,12:10:41,700.00,50,477350
20221118,12:11:52,700.05,50,477350
20221118,12:12:07,701.80,50,478000
20221118,12:12:22,700.00,50,478000
20221118,12:12:26,700.20,50,478000
20221118,12:12:41,699.70,300,478000
20221118,12:13:09,699.00,50,478000
20221118,12:13:31,696.60,50,478000
20221118,12:13:35,696.60,150,478000
20221118,12:13:42,696.40,50,478000
20221118,12:14:05,696.00,50,478000
20221118,12:14:22,696.40,600,478000
20221118,12:14:50,699.00,450,478000
20221118,12:16:13,698.00,50,478250
20221118,12:16:53,698.00,50,478250
20221118,12:17:01,698.70,250,478250
20221118,12:17:07,699.00,250,478250
20221118,12:17:11,699.00,100,478250
20221118,12:17:15,699.00,50,478250
20221118,12:17:23,700.25,50,478250
20221118,12:17:34,700.15,50,478250
20221118,12:17:44,699.20,100,478250
20221118,12:18:14,695.85,50,478600
20221118,12:18:24,696.55,50,478600
20221118,12:18:28,695.40,50,478600
20221118,12:18:48,695.40,50,478600
20221118,12:18:52,695.00,150,478600
20221118,12:19:08,694.00,50,478600
20221118,12:19:16,694.70,100,478600
20221118,12:19:20,693.00,50,478600
20221118,12:19:39,693.00,50,478600
20221118,12:19:59,693.05,100,478600
20221118,12:20:11,693.85,700,478600
20221118,12:20:19,693.00,500,478600
20221118,12:20:26,690.05,50,478600
20221118,12:20:34,692.00,500,478600
20221118,12:20:49,691.95,150,478600
20221118,12:20:53,691.10,100,478600
20221118,12:21:00,691.00,150,480200
20221118,12:21:11,691.00,50,480200
20221118,12:21:23,691.00,50,480200
20221118,12:21:46,692.55,50,480200
20221118,12:21:55,694.00,50,480200
20221118,12:22:14,694.25,50,480200
20221118,12:22:59,697.00,50,480200
20221118,12:23:27,695.95,300,480200
20221118,12:23:48,695.95,50,480200
20221118,12:23:49,695.95,100,480200
20221118,12:24:06,700.35,200,480250
20221118,12:24:07,700.40,50,480250
20221118,12:24:17,697.00,150,480250
20221118,12:24:30,694.70,50,480250
20221118,12:24:49,694.05,200,480250
20221118,12:25:28,696.65,50,480250
20221118,12:25:32,695.00,250,480250
20221118,12:25:33,694.55,100,480250
20221118,12:25:59,695.00,500,480250
20221118,12:26:22,696.40,550,480250
20221118,12:26:39,698.00,100,480250
20221118,12:27:10,699.00,50,481000
20221118,12:27:42,700.00,100,481000
20221118,12:27:49,698.00,750,481000
20221118,12:28:07,698.00,150,481000
20221118,12:28:16,696.10,100,481000
20221118,12:28:18,698.00,150,481000
20221118,12:28:43,697.90,50,481000
20221118,12:28:50,697.00,50,481000
20221118,12:29:54,697.85,100,481000
20221118,12:30:06,695.80,1100,480900
20221118,12:30:17,695.00,50,480900
20221118,12:30:21,695.00,50,480900
20221118,12:30:24,695.00,50,480900
20221118,12:30:41,696.50,50,480900
20221118,12:30:49,694.00,50,480900
20221118,12:30:53,693.00,50,480900
20221118,12:30:57,693.00,50,480900
20221118,12:31:04,692.60,50,480900
20221118,12:31:15,692.65,100,480900
20221118,12:31:22,693.55,50,480900
20221118,12:31:33,700.00,1750,480900
20221118,12:31:41,698.65,50,480900
20221118,12:32:08,695.00,100,480900
20221118,12:32:18,693.00,50,480900
20221118,12:33:14,697.25,50,481250
20221118,12:33:28,697.00,50,481250
20221118,12:33:42,698.65,50,481250
20221118,12:34:08,698.50,50,481250
20221118,12:34:17,698.35,50,481250
20221118,12:34:19,697.85,50,481250
20221118,12:34:43,697.45,50,481250
20221118,12:34:58,694.00,50,481250
20221118,12:35:12,693.00,50,481250
20221118,12:35:46,694.15,200,481250
20221118,12:35:53,693.65,50,481250
20221118,12:35:55,693.00,50,481250
20221118,12:36:58,690.00,100,481450
20221118,12:37:02,690.00,400,481450
20221118,12:37:09,690.00,100,481450
20221118,12:37:13,690.00,500,481450
20221118,12:37:47,690.25,50,481450
20221118,12:38:01,691.05,50,481450
20221118,12:38:33,693.50,100,481450
20221118,12:40:14,695.50,850,481200
20221118,12:40:23,695.30,50,481200
20221118,12:40:29,695.00,50,481200
20221118,12:40:58,695.00,50,481200
20221118,12:41:05,695.50,50,481200
20221118,12:41:08,694.95,250,481200
20221118,12:41:12,694.95,150,481200
20221118,12:41:16,695.00,50,481200
20221118,12:41:50,695.00,50,481200
20221118,12:42:05,693.50,50,481400
20221118,12:42:09,691.00,350,481400
20221118,12:42:20,691.00,150,481400
20221118,12:42:56,691.00,50,481400
20221118,12:43:17,691.00,50,481400
20221118,12:43:35,690.00,1000,481400
20221118,12:43:43,692.75,50,481400
20221118,12:43:46,692.75,100,481400
20221118,12:44:03,692.00,200,481400
20221118,12:44:18,691.85,50,481400
20221118,12:45:44,688.25,50,481400
20221118,12:45:46,690.85,50,480800
20221118,12:46:38,692.05,50,480800
20221118,12:46:50,694.10,50,480800
20221118,12:47:40,694.05,50,480800
20221118,12:47:44,693.05,100,480800
20221118,12:47:57,692.70,50,480800
20221118,12:48:04,691.20,100,481000
20221118,12:48:32,686.00,150,481000
20221118,12:48:40,685.00,50,481000
20221118,12:48:45,681.05,100,481000
20221118,12:48:54,681.00,50,481000
20221118,12:48:59,682.00,50,481000
20221118,12:49:13,682.00,150,481000
20221118,12:49:48,681.30,50,481000
20221118,12:49:52,680.00,100,481000
20221118,12:50:12,675.95,250,481000
20221118,12:50:14,677.20,500,481000
20221118,12:50:15,676.25,200,481000
20221118,12:50:43,678.00,100,481000
20221118,12:50:49,679.45,50,481000
20221118,12:50:51,679.45,350,481000
20221118,12:50:57,679.45,50,481000
20221118,12:51:03,678.30,50,481100
20221118,12:51:07,679.00,50,481100
20221118,12:51:09,679.00,550,481100
20221118,12:52:14,682.65,50,481100
20221118,12:52:43,682.20,150,481100
20221118,12:53:12,682.15,850,481100
20221118,12:54:20,681.85,50,480250
20221118,12:54:43,680.45,150,480250
20221118,12:54:58,682.00,200,480250
20221118,12:54:59,682.00,350,480250
20221118,12:55:20,681.05,50,480250
20221118,12:56:20,683.00,50,480250
20221118,12:56:33,685.00,50,480250
20221118,12:57:05,688.00,50,480300
20221118,12:57:10,686.00,600,480300
20221118,12:57:32,682.75,50,480300
20221118,12:58:22,686.85,50,480300
20221118,12:58:39,683.05,50,480300
20221118,12:58:50,684.95,150,480300
20221118,12:59:11,684.95,100,480300
20221118,12:59:50,687.35,50,480300
20221118,12:59:57,685.00,50,480300
20221118,13:00:01,687.00,50,480300
20221118,13:00:18,687.00,100,480100
20221118,13:00:22,686.85,200,480100
20221118,13:00:25,685.05,250,480100
20221118,13:00:29,687.25,400,480100
20221118,13:00:33,687.95,100,480100
20221118,13:00:55,686.35,50,480100
20221118,13:01:15,687.00,100,480100
20221118,13:01:22,687.00,300,480100
20221118,13:01:30,686.00,200,480100
20221118,13:02:21,689.00,100,480100
20221118,13:02:41,691.90,250,480100
20221118,13:02:45,690.95,50,480100
20221118,13:02:56,690.00,100,480100
20221118,13:02:59,690.00,50,480100
20221118,13:03:03,689.00,550,480850
20221118,13:03:08,688.00,100,480850
20221118,13:03:47,688.00,50,480850
20221118,13:04:03,688.00,100,480850
20221118,13:04:10,686.00,50,480850
20221118,13:04:18,685.00,100,480850
20221118,13:04:28,682.00,50,480850
20221118,13:04:40,682.00,200,480850
20221118,13:05:42,683.00,50,480850
20221118,13:06:20,682.50,150,481650
20221118,13:06:26,682.50,50,481650
20221118,13:07:30,682.10,50,481650
20221118,13:08:04,680.00,100,481650
20221118,13:09:21,681.30,50,481700
20221118,13:10:49,682.00,100,481700
20221118,13:12:07,685.00,100,481650
20221118,13:12:15,682.00,50,481650
20221118,13:12:21,682.00,50,481650
20221118,13:12:46,677.95,250,481650
20221118,13:13:04,679.75,1100,481650
20221118,13:14:06,682.90,50,481650
20221118,13:14:33,680.00,50,481650
20221118,13:15:22,678.60,50,481450
20221118,13:15:43,678.75,50,481450
20221118,13:16:14,679.00,50,481450
20221118,13:16:30,676.00,1150,481450
20221118,13:16:43,678.45,50,481450
20221118,13:17:48,678.40,100,481450
20221118,13:17:52,678.50,200,481450
20221118,13:18:00,677.95,150,481450
20221118,13:18:12,675.60,50,480250
20221118,13:18:16,675.75,150,480250
20221118,13:18:25,677.95,50,480250
20221118,13:18:48,678.00,300,480250
20221118,13:18:54,678.00,150,480250
20221118,13:19:00,678.00,50,480250
20221118,13:19:12,678.00,200,480250
20221118,13:19:20,677.00,50,480250
20221118,13:19:26,678.95,350,480250
20221118,13:19:29,679.00,50,480250
20221118,13:19:33,679.00,150,480250
20221118,13:19:37,680.00,50,480250
20221118,13:20:01,683.10,50,480250
20221118,13:20:07,682.90,50,480250
20221118,13:20:22,685.55,50,480250
20221118,13:20:31,685.15,50,480250
20221118,13:20:35,685.00,50,480250
20221118,13:20:58,685.30,50,480250
20221118,13:21:08,684.55,200,479350
20221118,13:21:17,683.95,100,479350
20221118,13:21:23,681.05,50,479350
20221118,13:21:41,681.00,50,479350
20221118,13:21:42,680.90,200,479350
20221118,13:22:11,680.00,50,479350
20221118,13:22:14,680.00,50,479350
20221118,13:22:26,678.80,50,479350
20221118,13:22:30,678.80,600,479350
20221118,13:22:53,681.95,100,479350
20221118,13:23:00,680.35,50,479350
20221118,13:23:21,680.35,50,479350
20221118,13:23:49,682.45,800,479350
20221118,13:24:25,682.45,50,479650
20221118,13:25:17,681.00,250,479650
20221118,13:26:44,679.45,50,479650
20221118,13:27:07,680.00,50,479650
20221118,13:27:12,678.00,50,479850
20221118,13:27:16,674.00,100,479850
20221118,13:27:26,676.75,50,479850
20221118,13:27:49,675.00,50,479850
20221118,13:28:22,674.50,50,479850
20221118,13:28:42,676.75,50,479850
20221118,13:28:43,676.75,50,479850
20221118,13:28:48,676.75,50,479850
20221118,13:28:49,676.75,150,479850
20221118,13:29:08,676.80,50,479850
20221118,13:30:05,676.75,150,479850
20221118,13:30:16,672.90,50,480350
20221118,13:30:20,674.45,50,480350
20221118,13:30:38,674.50,100,480350
20221118,13:30:42,675.00,50,480350
20221118,13:30:57,678.00,150,480350
20221118,13:31:33,677.95,100,480350
20221118,13:31:36,677.70,50,480350
20221118,13:31:37,674.35,250,480350
20221118,13:31:57,676.00,50,480350
20221118,13:32:24,678.60,100,480350
20221118,13:33:31,680.00,50,480350
20221118,13:34:06,681.65,100,480350
20221118,13:35:09,683.00,100,480350
20221118,13:35:19,681.95,50,480350
20221118,13:35:27,684.00,50,480350
20221118,13:35:35,685.00,50,480350
20221118,13:36:44,689.30,500,480350
20221118,13:36:56,686.70,50,480100
20221118,13:37:16,686.00,150,480100
20221118,13:37:21,686.00,100,480100
20221118,13:37:37,687.00,50,480100
20221118,13:37:58,688.00,150,480100
20221118,13:38:18,689.40,100,480100
20221118,13:38:35,688.70,50,480100
20221118,13:39:07,687.85,50,480100
20221118,13:39:20,687.85,50,481150
20221118,13:39:26,687.00,50,481150
20221118,13:39:56,688.00,50,481150
20221118,13:40:09,691.00,350,481150
20221118,13:40:17,691.00,50,481150
20221118,13:40:21,691.00,200,481150
20221118,13:40:25,691.00,50,481150
20221118,13:40:30,692.90,500,481150
20221118,13:40:35,694.10,800,481150
20221118,13:40:39,695.00,50,481150
20221118,13:40:44,697.50,100,481150
20221118,13:40:58,698.80,200,481150
20221118,13:41:04,703.00,50,481150
20221118,13:41:36,701.95,100,481150
20221118,13:41:41,700.00,150,481150
20221118,13:41:50,700.00,50,481150
20221118,13:42:22,702.90,50,481300
20221118,13:42:32,702.80,300,481300
20221118,13:42:38,702.15,50,481300
20221118,13:43:09,701.15,50,481300
20221118,13:43:11,703.90,50,481300
20221118,13:43:12,704.00,200,481300
20221118,13:43:21,704.60,50,481300
20221118,13:43:27,705.00,50,481300
20221118,13:43:31,704.90,100,481300
20221118,13:44:11,706.00,50,481300
20221118,13:44:12,708.85,100,481300
20221118,13:44:21,710.00,50,481300
20221118,13:44:28,710.00,50,481300
20221118,13:44:40,705.55,50,481300
20221118,13:44:53,708.85,100,481300
20221118,13:45:02,707.40,50,481300
20221118,13:45:08,707.40,250,481300
20221118,13:45:09,707.15,100,481300
20221118,13:45:21,706.25,50,481350
20221118,13:45:22,706.40,50,481350
20221118,13:45:34,704.95,300,481350
20221118,13:45:39,704.05,50,481350
20221118,13:45:42,705.55,50,481350
20221118,13:45:44,704.90,50,481350
20221118,13:45:47,704.85,50,481350
20221118,13:45:48,705.55,100,481350
20221118,13:46:04,704.85,500,481350
20221118,13:46:05,704.55,300,481350
20221118,13:46:33,702.95,100,481350
20221118,13:46:42,702.95,100,481350
20221118,13:46:52,702.00,50,481350
20221118,13:46:54,702.95,50,481350
20221118,13:47:35,708.00,100,481350
20221118,13:47:37,707.20,200,481350
20221118,13:48:02,709.90,50,481350
20221118,13:48:09,708.00,50,481350
20221118,13:48:49,708.00,100,481100
20221118,13:49:31,708.90,350,481100
20221118,13:49:35,708.15,50,481100
20221118,13:49:47,709.00,50,481100
20221118,13:49:56,710.00,250,481100
20221118,13:50:17,710.00,50,481100
20221118,13:50:30,709.00,50,481100
20221118,13:50:35,710.00,50,481100
20221118,13:50:47,708.15,150,481100
20221118,13:50:47,707.75,150,481100
20221118,13:50:49,707.15,50,481100
20221118,13:50:52,706.00,50,481100
20221118,13:50:55,705.05,400,481100
20221118,13:50:59,705.05,50,481100
20221118,13:51:03,705.00,50,481100
20221118,13:51:07,704.30,50,481100
20221118,13:51:11,704.90,150,481100
20221118,13:51:33,708.00,500,481900
20221118,13:51:58,708.00,50,481900
20221118,13:52:01,708.00,200,481900
20221118,13:52:02,708.00,50,481900
20221118,13:52:08,706.45,50,481900
20221118,13:52:34,705.00,100,481900
20221118,13:52:51,704.60,50,481900
20221118,13:53:03,708.10,50,481900
20221118,13:53:11,708.10,50,481900
20221118,13:53:16,711.00,200,481900
20221118,13:53:18,711.70,250,481900
20221118,13:53:19,711.60,50,481900
20221118,13:53:20,715.00,100,481900
20221118,13:53:37,714.95,50,481900
20221118,13:53:51,715.00,100,481900
20221118,13:53:56,721.15,400,481900
20221118,13:53:57,717.25,50,481900
20221118,13:54:04,720.00,50,481900
20221118,13:54:11,721.45,50,481900
20221118,13:54:12,721.45,50,481900
20221118,13:54:38,719.45,100,482950
20221118,13:54:42,719.05,1500,482950
20221118,13:54:47,719.05,500,482950
20221118,13:54:59,720.00,50,482950
20221118,13:55:05,723.50,50,482950
20221118,13:55:06,723.50,50,482950
20221118,13:55:09,721.55,50,482950
20221118,13:55:14,720.50,100,482950
20221118,13:55:16,719.00,300,482950
20221118,13:55:36,719.00,50,482950
20221118,13:55:42,719.00,50,482950
20221118,13:56:05,719.10,50,482950
20221118,13:56:14,719.10,50,482950
20221118,13:56:51,722.00,50,482950
20221118,13:56:56,720.55,50,482950
20221118,13:57:03,722.00,50,482950
20221118,13:57:05,718.00,1000,482950
20221118,13:57:13,719.85,100,482950
20221118,13:57:40,719.95,50,483800
20221118,13:57:47,720.70,50,483800
20221118,13:57:50,720.70,50,483800
20221118,13:57:53,720.70,50,483800
20221118,13:58:00,720.75,50,483800
20221118,13:58:02,721.95,100,483800
20221118,13:58:04,723.95,50,483800
20221118,13:58:27,723.95,100,483800
20221118,13:58:29,720.80,50,483800
20221118,13:58:59,721.70,50,483800
20221118,13:59:01,719.05,50,483800
20221118,13:59:16,717.50,100,483800
20221118,13:59:20,717.25,50,483800
20221118,13:59:24,717.50,50,483800
20221118,13:59:28,717.10,50,483800
20221118,13:59:32,717.50,50,483800
20221118,13:59:36,717.50,150,483800
20221118,13:59:53,717.50,150,483800
20221118,13:59:57,719.65,50,483800
20221118,14:00:15,718.60,50,483500
20221118,14:00:16,718.00,200,483500
20221118,14:00:20,717.50,500,483500
20221118,14:00:27,716.00,50,483500
20221118,14:00:42,715.00,100,483500
20221118,14:01:07,716.10,200,483500
20221118,14:01:11,718.00,50,483500
20221118,14:01:31,716.15,100,483500
20221118,14:01:52,715.05,100,483500
20221118,14:01:56,715.00,150,483500
20221118,14:02:00,716.90,300,483500
20221118,14:02:10,717.85,100,483500
20221118,14:02:19,715.00,50,483500
20221118,14:02:38,718.00,300,483500
20221118,14:02:39,718.25,200,483500
20221118,14:02:50,716.05,50,483500
20221118,14:03:25,720.00,50,483750
20221118,14:03:46,721.00,50,483750
20221118,14:03:55,721.00,50,483750
20221118,14:04:00,721.00,150,483750
20221118,14:04:19,720.00,50,483750
20221118,14:04:35,717.00,50,483750
20221118,14:05:11,720.00,50,483750
20221118,14:05:18,717.40,50,483750
20221118,14:05:45,717.75,50,483750
20221118,14:05:53,717.35,200,483750
20221118,14:05:57,716.95,50,483750
20221118,14:06:02,713.15,50,483750
20221118,14:06:10,714.40,50,483750
20221118,14:06:11,717.40,50,483750
20221118,14:06:23,714.95,400,483600
20221118,14:06:24,717.85,50,483600
20221118,14:06:29,714.20,50,483600
20221118,14:06:32,717.50,50,483600
20221118,14:06:54,714.40,50,483600
20221118,14:07:20,715.95,50,483600
20221118,14:07:34,715.30,50,483600
20221118,14:07:43,713.00,250,483600
20221118,14:07:50,710.00,250,483600
20221118,14:07:54,711.15,50,483600
20221118,14:07:55,707.60,50,483600
20221118,14:08:44,708.15,50,483600
20221118,14:09:28,710.00,50,483950
20221118,14:09:32,708.40,50,483950
20221118,14:10:02,708.40,100,483950
20221118,14:10:27,707.60,50,483950
20221118,14:10:43,707.00,50,483950
20221118,14:10:45,707.60,50,483950
20221118,14:10:47,707.60,50,483950
20221118,14:10:57,708.15,50,483950
20221118,14:11:04,706.00,50,483950
20221118,14:11:08,706.00,50,483950
20221118,14:11:21,706.35,250,483950
20221118,14:11:24,706.00,50,483950
20221118,14:11:26,706.00,50,483950
20221118,14:11:56,708.15,50,483950
20221118,14:11:58,708.00,50,483950
20221118,14:11:59,710.30,400,483950
20221118,14:12:02,710.95,50,483950
20221118,14:12:04,711.00,100,483950
20221118,14:12:08,711.00,50,483950
20221118,14:12:09,711.00,50,483950
20221118,14:12:52,714.55,50,483800
20221118,14:13:46,716.95,50,483800
20221118,14:13:54,715.00,150,483800
20221118,14:14:14,715.00,100,483800
20221118,14:14:17,715.00,100,483800
20221118,14:14:21,715.00,150,483800
20221118,14:14:33,717.00,100,483800
20221118,14:14:37,715.00,300,483800
20221118,14:15:00,713.45,50,483800
20221118,14:15:18,710.95,100,483800
20221118,14:15:31,710.05,100,483900
20221118,14:15:54,712.35,50,483900
20221118,14:16:01,710.60,100,483900
20221118,14:16:29,715.00,100,483900
20221118,14:16:30,716.85,100,483900
20221118,14:16:36,717.95,50,483900
20221118,14:16:41,719.15,50,483900
20221118,14:16:48,717.15,50,483900
20221118,14:17:02,712.60,100,483900
20221118,14:17:20,713.05,100,483900
20221118,14:17:33,714.00,150,483900
20221118,14:17:40,714.00,50,483900
20221118,14:17:47,712.05,50,483900
20221118,14:18:18,710.00,50,483900
20221118,14:18:26,710.00,150,483800
20221118,14:18:43,708.15,50,483800
20221118,14:18:52,708.55,250,483800
20221118,14:19:06,710.50,50,483800
20221118,14:19:12,710.90,50,483800
20221118,14:19:13,710.55,50,483800
20221118,14:19:56,710.55,50,483800
20221118,14:20:04,714.30,50,483800
20221118,14:20:13,711.20,50,483800
20221118,14:20:18,713.85,50,483800
20221118,14:20:30,711.50,50,483800
20221118,14:21:09,711.70,400,483800
20221118,14:21:20,711.50,250,483800
20221118,14:21:48,714.95,50,484100
20221118,14:22:08,714.15,100,484100
20221118,14:22:33,712.05,50,484100
20221118,14:22:43,712.00,300,484100
20221118,14:22:47,711.65,150,484100
20221118,14:23:01,711.50,50,484100
20221118,14:23:05,710.00,100,484100
20221118,14:23:14,709.35,50,484100
20221118,14:23:48,709.45,50,484100
20221118,14:24:00,706.00,150,484100
20221118,14:24:19,700.00,50,484100
20221118,14:24:20,699.60,50,484500
20221118,14:24:22,698.10,50,484500
20221118,14:24:27,692.85,50,484500
20221118,14:24:34,695.00,100,484500
20221118,14:24:44,694.30,100,484500
20221118,14:24:56,692.15,100,484500
20221118,14:25:07,690.00,100,484500
20221118,14:25:08,688.00,50,484500
20221118,14:25:11,688.85,250,484500
20221118,14:25:21,690.00,100,484500
20221118,14:25:36,689.20,50,484500
20221118,14:25:48,689.50,50,484500
20221118,14:26:06,690.05,50,484500
20221118,14:26:23,695.35,50,484500
20221118,14:27:23,690.00,150,484450
20221118,14:27:48,683.05,1000,484450
20221118,14:28:02,685.70,150,484450
20221118,14:28:07,685.00,50,484450
20221118,14:28:44,685.70,50,484450
20221118,14:28:48,688.95,100,484450
20221118,14:28:50,686.00,150,484450
20221118,14:28:53,688.95,250,484450
20221118,14:29:05,686.05,100,484450
20221118,14:29:10,686.50,50,484450
20221118,14:29:30,683.35,50,484450
20221118,14:29:32,682.05,50,484450
20221118,14:29:38,680.00,50,484450
20221118,14:29:43,679.95,100,484450
20221118,14:29:54,679.75,50,484450
20221118,14:30:00,679.40,50,484450
20221118,14:30:07,680.00,100,484450
20221118,14:30:16,682.00,50,484450
20221118,14:30:17,681.65,50,484450
20221118,14:30:18,680.65,950,484450
20221118,14:30:26,680.70,100,483850
20221118,14:30:30,683.65,50,483850
20221118,14:30:32,681.10,50,483850
20221118,14:31:21,685.00,50,483850
20221118,14:31:41,685.00,50,483850
20221118,14:32:16,683.80,50,483850
20221118,14:32:17,683.80,300,483850
20221118,14:32:25,683.00,50,483850
20221118,14:32:30,685.35,100,483850
20221118,14:32:55,685.20,100,483850
20221118,14:32:56,686.00,50,483850
20221118,14:33:39,685.00,50,483850
20221118,14:35:05,682.85,400,483850
20221118,14:35:17,680.15,300,483850
20221118,14:35:21,682.00,200,483850
20221118,14:35:25,681.20,50,483850
20221118,14:36:06,681.05,50,483850
20221118,14:36:26,683.20,50,483900
20221118,14:37:19,684.00,50,483900
20221118,14:37:31,685.20,100,483900
20221118,14:37:47,684.85,50,483900
20221118,14:38:31,684.00,450,483900
20221118,14:38:36,684.00,800,483900
20221118,14:38:43,680.90,100,483900
20221118,14:39:18,675.90,750,483900
20221118,14:39:23,677.95,250,483900
20221118,14:39:38,671.20,50,485600
20221118,14:39:48,671.20,50,485600
20221118,14:39:53,671.85,100,485600
20221118,14:40:01,671.75,150,485600
20221118,14:40:10,671.55,100,485600
20221118,14:40:13,670.00,100,485600
20221118,14:40:22,665.85,50,485600
20221118,14:40:34,667.25,50,485600
20221118,14:40:37,668.80,100,485600
20221118,14:40:41,669.80,50,485600
20221118,14:41:10,671.20,50,485600
20221118,14:41:19,670.80,50,485600
20221118,14:41:24,671.20,100,485600
20221118,14:41:32,672.80,100,485600
20221118,14:41:37,671.95,50,485600
20221118,14:41:56,675.10,50,485600
20221118,14:41:59,672.65,100,485600
20221118,14:42:05,674.85,50,485600
20221118,14:42:15,674.85,50,485600
20221118,14:42:20,672.10,100,485600
20221118,14:42:32,672.95,50,485400
20221118,14:42:45,671.55,150,485400
20221118,14:42:58,674.75,50,485400
20221118,14:43:07,674.65,150,485400
20221118,14:43:12,674.80,200,485400
20221118,14:43:21,677.50,100,485400
20221118,14:43:25,676.10,50,485400
20221118,14:44:07,672.05,100,485400
20221118,14:44:19,674.95,100,485400
20221118,14:44:27,673.00,50,485400
20221118,14:44:36,672.05,50,485400
20221118,14:44:41,672.00,100,485400
20221118,14:45:13,673.00,50,485400
20221118,14:45:41,679.70,100,485450
20221118,14:45:47,683.55,250,485450
20221118,14:45:52,687.00,100,485450
20221118,14:45:58,686.30,50,485450
20221118,14:46:01,683.10,300,485450
20221118,14:46:08,684.00,50,485450
20221118,14:46:11,684.00,50,485450
20221118,14:46:12,683.50,50,485450
20221118,14:46:16,684.55,50,485450
20221118,14:46:26,685.15,50,485450
20221118,14:46:34,682.00,50,485450
20221118,14:46:36,681.00,50,485450
20221118,14:46:38,680.75,50,485450
20221118,14:46:40,680.00,150,485450
20221118,14:47:24,680.60,100,485450
20221118,14:47:46,674.00,350,485450
20221118,14:47:47,673.05,150,485450
20221118,14:47:48,673.05,200,485450
20221118,14:47:49,673.00,100,485450
20221118,14:48:13,675.00,200,485450
20221118,14:48:24,676.70,50,486100
20221118,14:49:08,675.00,100,486100
20221118,14:49:13,676.70,50,486100
20221118,14:49:16,675.45,100,486100
20221118,14:49:28,675.45,50,486100
20221118,14:49:36,677.00,50,486100
20221118,14:49:38,675.90,50,486100
20221118,14:49:48,674.00,200,486100
20221118,14:50:03,675.50,50,486100
20221118,14:50:38,675.50,150,486100
20221118,14:50:43,674.20,100,486100
20221118,14:50:47,672.00,50,486100
20221118,14:50:56,671.40,50,486100
20221118,14:51:08,670.10,100,486100
20221118,14:51:23,672.05,50,486100
20221118,14:51:24,671.45,50,486100
20221118,14:51:50,668.00,150,486100
20221118,14:51:55,663.10,250,486100
20221118,14:51:56,665.15,50,486100
20221118,14:52:19,663.40,50,486100
20221118,14:52:20,667.25,50,486100
20221118,14:52:47,663.40,100,486100
20221118,14:53:06,663.40,50,486100
20221118,14:53:51,666.55,50,486100
20221118,14:53:55,666.00,50,486100
20221118,14:54:24,665.35,100,486100
20221118,14:55:16,668.40,50,486150
20221118,14:55:25,671.00,50,486150
20221118,14:55:55,672.00,100,486150
20221118,14:56:00,671.50,50,486150
20221118,14:56:17,670.00,150,486150
20221118,14:57:05,671.00,150,486150
20221118,14:57:27,670.00,1100,486350
20221118,14:57:36,668.20,50,486350
20221118,14:57:40,667.85,50,486350
20221118,14:57:44,667.05,50,486350
20221118,14:58:01,665.90,50,486350
20221118,14:58:04,665.00,100,486350
20221118,14:58:09,662.05,300,486350
20221118,14:58:10,662.05,50,486350
20221118,14:58:13,661.00,250,486350
20221118,14:58:20,662.70,2000,486350
20221118,14:58:23,662.50,50,486350
20221118,14:58:25,663.00,1400,486350
20221118,14:58:26,662.85,150,486350
20221118,14:58:30,662.30,50,486350
20221118,14:58:43,662.30,50,486350
20221118,14:58:56,663.40,50,486350
20221118,14:59:26,663.40,50,486350
20221118,14:59:32,663.40,500,486350
20221118,14:59:34,664.00,50,486350
20221118,14:59:50,664.00,100,486350
20221118,15:00:03,662.00,2100,486350
20221118,15:00:09,659.00,1550,486350
20221118,15:00:15,657.05,750,486350
20221118,15:00:51,658.50,100,491000
20221118,15:01:01,654.10,750,491000
20221118,15:01:05,654.10,50,491000
20221118,15:01:15,654.30,50,491000
20221118,15:01:33,653.95,100,491000
20221118,15:01:36,653.95,200,491000
20221118,15:01:54,653.15,50,491000
20221118,15:01:55,653.05,250,491000
20221118,15:02:02,651.30,150,491000
20221118,15:02:03,650.85,100,491000
20221118,15:02:05,650.95,50,491000
20221118,15:02:06,650.25,100,491000
20221118,15:02:08,650.85,50,491000
20221118,15:02:13,650.00,550,491000
20221118,15:02:19,650.00,400,491000
20221118,15:02:33,647.25,200,491000
20221118,15:02:41,646.00,50,491000
20221118,15:02:43,645.00,50,491000
20221118,15:02:45,643.20,100,491000
20221118,15:02:46,645.00,50,491000
20221118,15:02:50,647.25,50,491000
20221118,15:03:01,645.45,100,491000
20221118,15:03:02,645.00,50,491000
20221118,15:03:06,646.50,100,491000
20221118,15:03:12,646.05,50,491000
20221118,15:03:19,647.20,50,491000
20221118,15:03:23,646.05,200,491000
20221118,15:03:29,646.05,50,491650
20221118,15:03:30,646.05,450,491650
20221118,15:03:42,646.65,50,491650
20221118,15:03:53,647.00,50,491650
20221118,15:03:54,647.00,50,491650
20221118,15:04:18,645.00,50,491650
20221118,15:04:21,645.05,100,491650
20221118,15:04:29,643.55,50,491650
20221118,15:04:36,643.95,50,491650
20221118,15:04:39,643.95,50,491650
20221118,15:04:42,643.95,50,491650
20221118,15:04:46,644.00,300,491650
20221118,15:04:47,643.05,100,491650
20221118,15:04:48,643.00,500,491650
20221118,15:04:51,640.90,50,491650
20221118,15:04:52,640.00,550,491650
20221118,15:05:04,636.60,50,491650
20221118,15:05:12,636.60,50,491650
20221118,15:05:13,636.00,1100,491650
20221118,15:05:18,637.25,50,491650
20221118,15:05:21,640.00,200,491650
20221118,15:05:39,639.95,50,491650
20221118,15:05:54,637.00,50,491650
20221118,15:06:29,633.55,50,491700
20221118,15:06:32,632.85,200,491700
20221118,15:06:34,630.75,50,491700
20221118,15:06:36,630.75,50,491700
20221118,15:06:37,633.15,100,491700
20221118,15:06:40,635.00,1250,491700
20221118,15:06:42,633.40,50,491700
20221118,15:06:43,635.00,200,491700
20221118,15:06:52,635.00,200,491700
20221118,15:06:55,635.00,100,491700
20221118,15:06:56,635.00,300,491700
20221118,15:06:57,635.00,150,491700
20221118,15:06:57,636.00,100,491700
20221118,15:07:01,636.80,200,491700
20221118,15:07:03,637.65,100,491700
20221118,15:07:12,637.00,50,491700
20221118,15:07:13,636.00,50,491700
20221118,15:07:14,635.05,50,491700
20221118,15:07:32,635.15,50,491700
20221118,15:07:36,636.00,100,491700
20221118,15:07:39,635.15,50,491700
20221118,15:07:50,635.05,150,491700
20221118,15:07:55,634.85,50,491700
20221118,15:08:00,633.95,100,491700
20221118,15:08:06,633.60,400,491700
20221118,15:08:20,631.60,550,491700
20221118,15:08:24,633.55,350,491700
20221118,15:08:29,635.55,700,491700
20221118,15:08:33,635.80,100,491700
20221118,15:08:43,636.55,250,491700
20221118,15:08:47,637.80,100,491700
20221118,15:08:57,639.00,400,491700
20221118,15:09:07,638.95,450,491700
20221118,15:09:09,639.00,100,491700
20221118,15:09:15,640.25,100,491700
20221118,15:09:28,643.95,200,490900
20221118,15:09:34,643.30,50,490900
20221118,15:09:40,641.65,50,490900
20221118,15:09:50,640.20,50,490900
20221118,15:09:57,638.80,300,490900
20221118,15:10:02,638.00,50,490900
20221118,15:10:03,637.40,50,490900
20221118,15:10:06,635.85,200,490900
20221118,15:10:10,635.15,400,490900
20221118,15:10:12,635.10,200,490900
20221118,15:10:16,635.10,450,490900
20221118,15:10:17,635.10,100,490900
20221118,15:10:18,635.10,150,490900
20221118,15:10:22,634.75,100,490900
20221118,15:10:31,632.90,50,490900
20221118,15:10:39,632.90,50,490900
20221118,15:10:40,633.95,50,490900
20221118,15:10:47,633.95,50,490900
20221118,15:11:06,633.25,50,490900
20221118,15:11:16,632.25,200,490900
20221118,15:11:17,631.90,50,490900
20221118,15:11:21,630.60,250,490900
20221118,15:11:24,630.00,200,490900
20221118,15:11:29,629.85,150,490900
20221118,15:11:30,628.65,200,490900
20221118,15:11:40,627.85,50,490900
20221118,15:11:44,627.40,50,490900
20221118,15:11:47,627.80,50,490900
20221118,15:11:49,627.40,350,490900
20221118,15:11:50,627.05,200,490900
20221118,15:11:52,627.15,50,490900
20221118,15:11:54,625.85,50,490900
20221118,15:11:58,626.15,50,490900
20221118,15:12:08,626.00,250,490900
20221118,15:12:12,626.15,200,490900
20221118,15:12:14,625.10,200,490900
20221118,15:12:15,626.80,500,490900
20221118,15:12:16,627.00,100,490900
20221118,15:12:20,627.00,200,490900
20221118,15:12:24,628.00,250,490900
20221118,15:12:25,627.70,650,490900
20221118,15:12:30,627.40,50,493700
20221118,15:12:32,628.25,200,493700
20221118,15:12:35,628.25,200,493700
20221118,15:12:39,628.35,50,493700
20221118,15:12:44,629.00,150,493700
20221118,15:12:47,629.00,100,493700
20221118,15:12:50,627.85,50,493700
20221118,15:12:53,629.00,50,493700
20221118,15:12:57,629.00,100,493700
20221118,15:12:58,629.60,200,493700
20221118,15:13:06,628.70,200,493700
20221118,15:13:08,628.35,50,493700
20221118,15:13:11,628.00,550,493700
20221118,15:13:14,628.00,50,493700
20221118,15:13:15,628.00,400,493700
20221118,15:13:17,629.50,200,493700
20221118,15:13:20,628.90,50,493700
20221118,15:13:21,631.20,200,493700
20221118,15:13:26,631.40,200,493700
20221118,15:13:27,631.00,100,493700
20221118,15:13:28,630.00,50,493700
20221118,15:13:31,630.85,150,493700
20221118,15:13:34,630.05,50,493700
20221118,15:13:38,633.20,150,493700
20221118,15:13:45,631.25,250,493700
20221118,15:13:47,633.00,200,493700
20221118,15:13:52,633.00,850,493700
20221118,15:13:53,633.00,350,493700
20221118,15:13:54,631.75,150,493700
20221118,15:13:56,631.20,100,493700
20221118,15:14:00,630.05,200,493700
20221118,15:14:06,632.05,150,493700
20221118,15:14:07,632.05,50,493700
20221118,15:14:08,634.00,800,493700
20221118,15:14:09,634.00,50,493700
20221118,15:14:11,634.00,50,493700
20221118,15:14:15,634.00,100,493700
20221118,15:14:16,634.05,50,493700
20221118,15:14:18,634.15,800,493700
20221118,15:14:20,634.15,50,493700
20221118,15:14:25,632.60,50,493700
20221118,15:14:26,632.55,100,493700
20221118,15:14:28,631.70,100,493700
20221118,15:14:33,631.75,100,493700
20221118,15:14:35,631.75,50,493700
20221118,15:14:37,631.75,50,493700
20221118,15:14:38,633.00,50,493700
20221118,15:14:40,631.75,300,493700
20221118,15:14:43,631.75,100,493700
20221118,15:14:50,631.75,50,493700
20221118,15:14:58,632.00,50,493700
20221118,15:15:00,631.70,550,493700
20221118,15:15:03,631.70,1150,493700
20221118,15:15:04,631.00,50,493700
20221118,15:15:10,631.70,50,493700
20221118,15:15:12,632.00,750,493700
20221118,15:15:18,631.90,50,493700
20221118,15:15:20,632.00,50,493700
20221118,15:15:22,633.00,350,493700
20221118,15:15:24,632.30,250,493700
20221118,15:15:27,633.25,250,493700
20221118,15:15:35,633.25,100,492000
20221118,15:15:37,633.00,50,492000
20221118,15:15:55,632.05,50,492000
20221118,15:16:02,633.00,100,492000
20221118,15:16:08,633.65,100,492000
20221118,15:16:09,635.00,100,492000
20221118,15:16:13,636.30,200,492000
20221118,15:16:15,635.80,200,492000
20221118,15:16:16,634.75,50,492000
20221118,15:16:24,635.65,100,492000
20221118,15:16:26,637.00,50,492000
20221118,15:16:32,639.05,100,492000
20221118,15:16:38,639.05,200,492000
20221118,15:16:40,638.50,450,492000
20221118,15:16:42,638.70,50,492000
20221118,15:16:43,636.85,250,492000
20221118,15:16:52,637.45,250,492000
20221118,15:16:53,637.65,200,492000
20221118,15:16:55,638.30,200,492000
20221118,15:16:56,638.30,50,492000
20221118,15:17:00,638.30,100,492000
20221118,15:17:20,638.35,50,492000
20221118,15:17:25,639.45,50,492000
20221118,15:17:34,640.35,150,492000
20221118,15:17:44,640.95,200,492000
20221118,15:17:48,640.00,150,492000
20221118,15:17:52,640.60,100,492000
20221118,15:17:57,642.05,250,492000
20221118,15:18:02,641.50,200,492000
20221118,15:18:12,643.70,100,492000
20221118,15:18:23,646.00,100,492000
20221118,15:18:29,644.70,50,493150
20221118,15:18:31,644.70,50,493150
20221118,15:18:35,646.00,100,493150
20221118,15:18:37,646.00,50,493150
20221118,15:18:41,645.85,200,493150
20221118,15:18:42,645.80,150,493150
20221118,15:18:52,645.00,500,493150
20221118,15:18:58,644.90,50,493150
20221118,15:18:59,643.60,200,493150
20221118,15:19:06,643.90,50,493150
20221118,15:19:17,647.00,750,493150
20221118,15:19:29,650.00,50,493150
20221118,15:19:38,650.60,200,493150
20221118,15:19:40,652.80,50,493150
20221118,15:19:41,655.00,200,493150
20221118,15:19:44,655.80,50,493150
20221118,15:19:49,655.35,50,493150
20221118,15:19:58,654.05,100,493150
20221118,15:20:00,656.00,250,493150
20221118,15:20:18,653.40,550,493150
20221118,15:20:37,653.40,200,493150
20221118,15:20:42,655.95,400,493150
20221118,15:20:53,658.60,900,493150
20221118,15:20:58,657.40,200,493150
20221118,15:21:03,655.50,150,493150
20221118,15:21:12,654.95,50,493150
20221118,15:21:17,653.40,50,493150
20221118,15:21:22,652.15,50,493150
20221118,15:21:27,651.00,250,493150
20221118,15:21:36,651.75,50,493550
20221118,15:21:54,650.00,100,493550
20221118,15:21:59,649.00,1800,493550
20221118,15:22:03,651.00,1850,493550
20221118,15:22:22,651.40,150,493550
20221118,15:22:26,650.65,400,493550
20221118,15:22:30,650.00,1500,493550
20221118,15:22:38,650.65,50,493550
20221118,15:22:55,654.15,200,493550
20221118,15:23:00,654.40,150,493550
20221118,15:23:05,655.00,150,493550
20221118,15:23:10,654.05,200,493550
20221118,15:23:14,653.95,200,493550
20221118,15:23:23,653.95,150,493550
20221118,15:23:27,654.45,50,493550
20221118,15:23:36,654.45,100,493550
20221118,15:23:44,654.95,50,493550
20221118,15:23:48,654.40,200,493550
20221118,15:23:52,653.00,250,493550
20221118,15:23:56,653.00,500,493550
20221118,15:24:06,653.00,50,493550
20221118,15:24:25,653.00,150,493550
20221118,15:24:34,653.00,50,496750
20221118,15:24:46,653.00,50,496750
20221118,15:24:53,652.00,50,496750
20221118,15:24:57,653.00,50,496750
20221118,15:25:09,652.70,50,496750
20221118,15:25:14,652.65,50,496750
20221118,15:25:26,651.00,700,496750
20221118,15:25:38,651.60,100,496750
20221118,15:25:41,651.00,450,496750
20221118,15:25:46,651.05,250,496750
20221118,15:25:50,653.00,400,496750
20221118,15:25:55,655.00,50,496750
20221118,15:25:59,652.00,300,496750
20221118,15:26:03,652.60,100,496750
20221118,15:26:11,652.00,350,496750
20221118,15:26:39,653.00,100,496750
20221118,15:26:44,652.00,50,496750
20221118,15:26:52,654.85,50,496750
20221118,15:26:56,652.00,200,496750
20221118,15:27:00,651.05,400,496750
20221118,15:27:08,651.95,1950,496750
20221118,15:27:31,652.05,100,496750
20221118,15:27:35,653.05,150,495550
20221118,15:27:47,652.05,150,495550
20221118,15:27:59,653.95,50,495550
20221118,15:28:03,652.05,700,495550
20221118,15:28:08,650.00,950,495550
20221118,15:28:13,649.95,100,495550
20221118,15:28:18,650.20,200,495550
20221118,15:28:23,651.75,150,495550
20221118,15:28:37,648.05,250,495550
20221118,15:28:41,651.70,100,495550
20221118,15:28:51,648.80,300,495550
20221118,15:28:55,650.00,250,495550
20221118,15:29:08,648.55,100,495550
20221118,15:29:18,648.90,150,495550
20221118,15:29:22,648.90,650,495550
20221118,15:29:26,649.95,250,495550
20221118,15:29:35,649.95,100,495550
20221118,15:29:40,647.00,1250,495550
20221118,15:29:46,646.40,350,495550
20221118,15:29:51,649.95,250,495550
20221118,15:29:57,649.95,50,495550
